-1.818989403545856476e-12 1.818989403545856476e-12 0.000000000000000000e+00 9.003713330457685515e-10 -3.674841764222946949e-09 1.409999999998638941e+03 1.161820506600857840e-14 -8.030694343015390390e-15 3.899975407912995252e+03 2.099975407913152594e+03 0.000000000000000000e+00 -1.818989403545856476e-12
-9.822542779147624969e-11 -9.640643838793039322e-11 9.822542779147624969e-11 1.332892907157656737e-09 -3.068720388910151087e-09 1.409999999997955683e+03 -9.090207082749523787e-15 1.505232690106173140e-14 3.899985003886213235e+03 2.699985003885102287e+03 0.000000000000000000e+00 -9.822542779147624969e-11
0.000000000000000000e+00 -1.818989403545856476e-12 -1.818989403545856476e-12 -5.332395858204108663e-09 -1.748958311509341002e-09 1.409999999998464546e+03 -3.651305984206494771e-15 1.916360021900291689e-14 8.947447380347277885e+02 8.947447380385310680e+02 0.000000000000000000e+00 0.000000000000000000e+00
0.000000000000000000e+00 1.818989403545856476e-12 1.818989403545856476e-12 1.753647893565357663e-09 -2.764835471680271439e-09 1.409999999997911118e+03 -2.490813786679858204e-14 1.050572370934917316e-15 3.299977171804132922e+03 3.299977171803578130e+03 0.000000000000000000e+00 0.000000000000000000e+00
7.275957614183425903e-12 0.000000000000000000e+00 0.000000000000000000e+00 9.476366358285304159e-10 -4.723688107333146036e-09 1.409999999998650992e+03 1.450650580501756861e-15 -1.243860492722592459e-15 2.099869695437078462e+03 3.299869695439351744e+03 0.000000000000000000e+00 7.275957614183425903e-12
-1.818989403545856476e-12 1.818989403545856476e-12 -1.818989403545856476e-12 9.210339158016722649e-10 -3.574797347027924843e-09 1.409999999998565954e+03 1.441521070801987637e-14 -1.194566554097213609e-15 2.699930700882618112e+03 3.299930700883183817e+03 0.000000000000000000e+00 -1.818989403545856476e-12
5.456968210637569427e-12 7.275957614183425903e-12 3.637978807091712952e-12 3.059824393858434632e-09 -5.664873015120974742e-09 1.409999999998431349e+03 1.063304574670733271e-14 1.315347107338960055e-15 1.499994642117823332e+03 4.499994642118376760e+03 0.000000000000000000e+00 5.456968210637569427e-12
7.275957614183425903e-12 -3.637978807091712952e-12 -5.456968210637569427e-12 6.579341516044223681e-10 -3.312521812404156663e-09 1.409999999998585281e+03 1.306337768204664687e-14 -1.658610714587312955e-15 3.299935155074384966e+03 2.699935155075072089e+03 0.000000000000000000e+00 7.275957614183425903e-12
-3.637978807091712952e-12 0.000000000000000000e+00 -1.818989403545856476e-12 1.265297555619326886e-08 -5.639691380565636791e-09 1.409999999994705377e+03 8.321722796811309194e-15 5.519060373766646862e-15 8.999999810603580954e+02 5.699999981055964781e+03 0.000000000000000000e+00 -3.637978807091712952e-12
-7.275957614183425903e-12 5.456968210637569427e-12 3.637978807091712952e-12 -7.867612339396146126e-09 2.870621074180235155e-09 1.409999999998161229e+03 -1.085952613076639166e-14 -1.017762772780531648e-15 5.700000000000786713e+03 5.099999999995993676e+03 0.000000000000000000e+00 -7.275957614183425903e-12
3.637978807091712952e-12 5.456968210637569427e-12 -3.637978807091712952e-12 9.203318995787412859e-09 -5.703242322852020152e-09 1.409999999996322686e+03 3.306727936453449761e-15 1.253648617646153227e-14 5.099999988210331139e+03 2.999999882142233218e+02 0.000000000000000000e+00 3.637978807091712952e-12
1.818989403545856476e-12 0.000000000000000000e+00 3.637978807091712952e-12 7.030365622995304875e-09 -8.004207074918667786e-09 1.409999999997292662e+03 -5.109943851431397242e-15 -2.104733338507889295e-15 2.999999965781581182e+02 5.699999996577789716e+03 0.000000000000000000e+00 1.818989403545856476e-12
-7.275957614183425903e-12 7.275957614183425903e-12 -3.637978807091712952e-12 -8.721343647266621701e-09 5.805929959024069831e-09 1.409999999997917485e+03 3.664875321958320139e-15 -1.132270845506329822e-14 5.700000000001320586e+03 5.699999999998688509e+03 0.000000000000000000e+00 -7.275957614183425903e-12
1.818989403545856476e-12 -3.637978807091712952e-12 1.818989403545856476e-12 1.677818772805039771e-09 -4.436145673025748692e-09 1.409999999998585736e+03 1.796820145246650468e-14 -2.985427173336959682e-14 4.499996716023524641e+03 1.499996716023346153e+03 0.000000000000000000e+00 1.818989403545856476e-12
-3.637978807091712952e-12 -1.818989403545856476e-12 5.456968210637569427e-12 -4.232475703247473575e-09 -1.323854803558788262e-09 1.409999999999768306e+03 -1.248516088874566202e-15 -1.312850119282099186e-14 5.099999999946687240e+03 5.099999999942493560e+03 0.000000000000000000e+00 -3.637978807091712952e-12
7.457856554538011551e-11 6.548361852765083313e-11 -6.548361852765083313e-11 -4.563162292470224202e-09 -4.077406856595189311e-09 1.409999999996971383e+03 6.079421707613815055e-15 6.435467473226385970e-16 2.977980227457247224e+02 1.497798022754244585e+03 0.000000000000000000e+00 7.457856554538011551e-11
-3.637978807091712952e-12 1.091393642127513885e-11 -1.818989403545856476e-12 -4.096619932170142420e-09 -3.598813691496616229e-09 1.409999999998405428e+03 1.024574722245241492e-14 -5.530708450626401881e-15 5.700000000000381988e+03 4.499999999993155143e+03 0.000000000000000000e+00 -3.637978807091712952e-12
-1.091393642127513885e-10 -1.309672370553016663e-10 1.073203748092055321e-10 -1.978236241484410129e-09 -6.111775974204647355e-09 1.409999999998500243e+03 -4.375515274381726927e-15 8.606594792194472216e-15 8.960877319185428860e+02 1.496087731923662204e+03 0.000000000000000000e+00 -1.091393642127513885e-10
-5.456968210637569427e-12 0.000000000000000000e+00 -3.637978807091712952e-12 -3.493312306090956554e-10 -5.208192987993243150e-09 1.409999999999027068e+03 -8.210528520937198302e-15 7.179178725237284104e-15 5.099999999782707164e+03 4.499999999778128768e+03 0.000000000000000000e+00 -5.456968210637569427e-12
-7.275957614183425903e-12 -9.094947017729282379e-12 7.275957614183425903e-12 4.062343350597075187e-09 -2.734168447204865515e-09 1.409999999997044597e+03 -2.287750872389628804e-14 1.312163877758841295e-14 3.899998727746091390e+03 3.899998727743558447e+03 0.000000000000000000e+00 -7.275957614183425903e-12
3.637978807091712952e-12 0.000000000000000000e+00 0.000000000000000000e+00 7.913939725767704658e-09 -5.082739562567439862e-09 1.409999999996757879e+03 1.606657997786596249e-14 -5.221053835076571579e-15 1.499999759585644370e+03 5.099999759581728540e+03 0.000000000000000000e+00 3.637978807091712952e-12
0.000000000000000000e+00 1.818989403545856476e-12 7.275957614183425903e-12 4.844906698053819127e-09 -5.278906201056088321e-09 1.409999999997086661e+03 8.891138309317206827e-15 1.800957164804618579e-15 5.699999999641952854e+03 2.999999996427218321e+02 0.000000000000000000e+00 0.000000000000000000e+00
-1.818989403545856476e-12 -5.456968210637569427e-12 0.000000000000000000e+00 5.102577915749861859e-09 -5.114401346872909926e-09 1.409999999998026169e+03 -1.784112958640070195e-14 1.593226188430714063e-14 4.499999069842440804e+03 8.999990698457713734e+02 0.000000000000000000e+00 -1.818989403545856476e-12
3.456079866737127304e-11 3.456079866737127304e-11 -3.274180926382541656e-11 1.242482687559785859e+00 -5.461160412778554019e-09 1.409999999994820428e+03 -8.993175476479063666e-15 -1.006816362562058586e-14 1.499999984487699066e+03 5.699999984479191880e+03 0.000000000000000000e+00 3.456079866737127304e-11
-3.637978807091712952e-12 3.637978807091712952e-12 5.456968210637569427e-12 1.242482684261034365e+00 -5.863739716005511582e-09 1.409999999996551651e+03 1.614371321139510564e-15 5.950251659154956914e-15 4.499999968219581206e+03 2.999999682267160210e+02 0.000000000000000000e+00 -3.637978807091712952e-12
-5.456968210637569427e-12 -3.637978807091712952e-12 0.000000000000000000e+00 -7.798206524967099540e-09 2.358802930757519789e-09 1.409999999996213546e+03 -6.458722096502341987e-15 -9.809235259973406006e-15 2.972663441786814928e+02 8.972663441840062433e+02 0.000000000000000000e+00 -5.456968210637569427e-12
-2.182787284255027771e-11 -3.637978807091712952e-11 3.092281986027956009e-11 1.957658923856797628e-09 -3.826784222837886773e-09 1.409999999998316071e+03 -2.299548641451404504e-14 2.201553778103023577e-14 2.699659775699313286e+03 2.099659775702109073e+03 0.000000000000000000e+00 -2.182787284255027771e-11
-5.456968210637569427e-12 0.000000000000000000e+00 -1.818989403545856476e-12 2.049944214377319440e-09 -1.186586473522766028e-08 1.410000000000821501e+03 9.823469898632084696e-15 5.961763006672192951e-15 2.999999691886636128e+02 5.099999969191872879e+03 0.000000000000000000e+00 -5.456968210637569427e-12
-3.637978807091712952e-12 -1.818989403545856476e-12 1.818989403545856476e-12 -8.647049298815545626e-09 3.662563585749012418e-09 1.409999999999997044e+03 1.061739111290957554e-14 4.024495027553384117e-15 5.100000000003939931e+03 5.699999999999634383e+03 0.000000000000000000e+00 -3.637978807091712952e-12
-1.818989403545856476e-12 0.000000000000000000e+00 0.000000000000000000e+00 1.793722503862227313e-09 -4.961719923812779598e-09 1.409999999998394969e+03 1.232801332355939949e-14 -2.165265948557899037e-14 2.099231257136736986e+03 2.099231257139743320e+03 0.000000000000000000e+00 -1.818989403545856476e-12
-1.818989403545856476e-12 3.637978807091712952e-12 0.000000000000000000e+00 1.242482673175345553e+00 -3.096175760219921358e-09 1.410000000001140961e+03 2.968165089743188666e-15 -1.682570463984313540e-15 2.699824461333874751e+03 2.998244613418603421e+02 0.000000000000000000e+00 -1.818989403545856476e-12
-9.094947017729282379e-12 -1.091393642127513885e-11 -3.637978807091712952e-12 1.242482675798726177e+00 1.242482667540485863e+00 1.410000000000750561e+03 6.797212222388201704e-15 -1.460497248336959993e-15 3.299999996632189323e+03 5.699999996620899765e+03 0.000000000000000000e+00 -9.094947017729282379e-12
-4.365574568510055542e-11 -9.822542779147624969e-11 6.002665031701326370e-11 -2.142343191735562868e-09 -3.603673803809215315e-09 1.409999999999537067e+03 -5.031886002844156481e-15 -1.148905582138133462e-14 1.496173450911542204e+03 8.961734509150157919e+02 0.000000000000000000e+00 -4.365574568510055542e-11
-8.913048077374696732e-11 -9.822542779147624969e-11 1.055013854056596756e-10 -1.213038558489643037e-09 -9.690296565167955123e-09 1.409999999997722625e+03 5.452716450094872978e-15 -9.824274073377220670e-15 2.991428470519431357e+02 2.099142847062706096e+03 0.000000000000000000e+00 -8.913048077374696732e-11
-3.637978807091712952e-12 -3.637978807091712952e-12 9.094947017729282379e-12 2.857660774679970928e-09 -3.089070332862320356e-09 1.409999999997827899e+03 -4.127277062665321995e-15 8.829241942446877236e-15 2.699985545771039597e+03 3.899985545769462078e+03 0.000000000000000000e+00 -3.637978807091712952e-12
-1.091393642127513885e-11 -2.728484105318784714e-11 1.273292582482099533e-11 1.689457462816790212e-09 -7.135056989682198036e-09 1.409999999999027068e+03 -1.613632036667796730e-14 8.771441685500851034e-15 5.699999998447305188e+03 8.999999984456267157e+02 0.000000000000000000e+00 -1.091393642127513885e-11
-1.818989403545856476e-12 1.818989403545856476e-12 3.637978807091712952e-12 -1.868158960860455409e-10 -8.779579729889519513e-09 1.409999999998437488e+03 -7.719222959902567091e-16 2.385026036072582370e-16 5.699999999566659426e+03 3.899999999557876890e+03 0.000000000000000000e+00 -1.818989403545856476e-12
-6.730260793119668961e-11 -7.094058673828840256e-11 6.184563972055912018e-11 1.242482684393706904e+00 1.242482667478185476e+00 1.409999999996482074e+03 -3.878598023703390267e-15 -3.991215380272950746e-16 2.100000000011603788e+03 5.700000000000397449e+03 0.000000000000000000e+00 -6.730260793119668961e-11
0.000000000000000000e+00 1.818989403545856476e-12 7.275957614183425903e-12 2.694292788874008693e-09 -2.768132389974198304e-09 1.409999999997266968e+03 2.406904511298826998e-14 -2.022802976204223536e-14 3.899994551909784150e+03 3.299994551908002450e+03 0.000000000000000000e+00 0.000000000000000000e+00
0.000000000000000000e+00 -1.091393642127513885e-11 -3.637978807091712952e-12 -7.801759238645900041e-11 -8.181615385183249600e-09 1.409999999998312433e+03 -3.510158912659316007e-15 2.126079344986399709e-14 8.982850975573256846e+02 2.098285097564084026e+03 0.000000000000000000e+00 0.000000000000000000e+00
5.456968210637569427e-12 3.637978807091712952e-12 0.000000000000000000e+00 4.968114808434620500e-10 -1.425024720447254367e-08 1.409999999999360398e+03 1.950765346779344003e-15 -2.820612557742255069e-15 2.999645692087628959e+02 3.299964569220375779e+03 0.000000000000000000e+00 5.456968210637569427e-12
1.818989403545856476e-12 -1.818989403545856476e-12 0.000000000000000000e+00 4.825864152735448442e-09 -3.959257810492999852e-09 1.409999999997549367e+03 -9.277577916562431276e-15 -1.320632768776680714e-14 2.099996063731094637e+03 4.499996063728132867e+03 0.000000000000000000e+00 1.818989403545856476e-12
0.000000000000000000e+00 -9.094947017729282379e-12 -1.818989403545856476e-12 3.928164460376137868e-10 -2.992777581312111579e-09 1.409999999999872443e+03 -1.313408105742299538e-14 1.484838337059842700e-14 4.499999999663565177e+03 5.099999999658804882e+03 0.000000000000000000e+00 0.000000000000000000e+00
0.000000000000000000e+00 0.000000000000000000e+00 0.000000000000000000e+00 1.000242377813265193e-08 -3.647500079750898294e-09 1.409999999996143742e+03 5.668198020680519189e-15 1.369021025961577702e-14 2.099999828087691640e+03 5.099999828080442967e+03 0.000000000000000000e+00 0.000000000000000000e+00
3.637978807091712952e-12 0.000000000000000000e+00 -1.818989403545856476e-12 1.242482681402549360e+00 -2.295081458214554004e-09 1.409999999996497081e+03 6.575052036119396629e-15 4.736862421171943377e-15 2.699999919182862413e+03 5.099999919174177194e+03 0.000000000000000000e+00 3.637978807091712952e-12
-3.637978807091712952e-12 5.456968210637569427e-12 -3.637978807091712952e-12 1.242482681221815710e+00 1.242482667684754460e+00 1.409999999997957730e+03 2.116411458058627101e-14 -3.328548924844837269e-14 3.899998592586272025e+03 2.999985925952672119e+02 0.000000000000000000e+00 -3.637978807091712952e-12
-3.637978807091712952e-12 -3.637978807091712952e-12 0.000000000000000000e+00 2.631310280776233412e-09 -4.215422677589231171e-09 1.409999999998587327e+03 -1.298958629995665722e-14 1.202042157340657306e-14 3.899981601972142016e+03 1.499981601974616751e+03 0.000000000000000000e+00 -3.637978807091712952e-12
-8.913048077374696732e-11 -8.367351256310939789e-11 9.276845958083868027e-11 1.707320507193799131e-09 -1.070213784259976819e-08 1.409999999998488420e+03 -1.126432141005978553e-15 -6.417488183099838799e-15 5.699999996075509443e+03 2.699999996067035227e+03 0.000000000000000000e+00 -8.913048077374696732e-11
0.000000000000000000e+00 -3.637978807091712952e-12 9.094947017729282379e-12 6.827377774243359454e-09 -4.280593657313147560e-09 1.409999999997645773e+03 -1.924299798733135305e-14 2.673581640549848722e-14 3.899994106063117215e+03 8.999941060687378922e+02 0.000000000000000000e+00 0.000000000000000000e+00
4.183675628155469894e-11 5.456968210637569427e-11 -4.365574568510055542e-11 -8.839862175591406412e-09 3.276795723650138825e-09 1.409999999997988198e+03 2.981986117883236590e-15 3.432966688350112852e-15 8.973446631398956015e+02 2.973446631427827356e+02 0.000000000000000000e+00 4.183675628155469894e-11
-9.094947017729282379e-12 0.000000000000000000e+00 -3.637978807091712952e-12 1.607332933417637832e-09 -6.557144160979078151e-09 1.409999999998213070e+03 -3.780133125783132575e-15 -1.089060544655904524e-14 5.099999996065968844e+03 3.899999996060502326e+03 0.000000000000000000e+00 -9.094947017729282379e-12
-1.818989403545856476e-12 0.000000000000000000e+00 3.637978807091712952e-12 6.222990123205818236e-09 -1.990912323890370317e-09 1.409999999996730367e+03 -9.551675316123017541e-15 1.105900611520871576e-14 3.299999472590811365e+03 4.499999472585793228e+03 0.000000000000000000e+00 -1.818989403545856476e-12
1.818989403545856476e-12 0.000000000000000000e+00 -1.818989403545856476e-12 7.795790679665515199e-10 -3.844348839265876450e-09 1.409999999998658041e+03 -1.015967161491819767e-14 -1.985652276490708851e-14 2.699815708194706076e+03 2.699815708196492778e+03 0.000000000000000000e+00 1.818989403545856476e-12
0.000000000000000000e+00 -3.637978807091712952e-12 7.275957614183425903e-12 1.242482678470167912e+00 -2.523137254684115760e-09 1.409999999998152134e+03 -1.342277715411145832e-15 -1.249506515417987950e-14 3.299999966491579471e+03 5.099999966483430399e+03 0.000000000000000000e+00 0.000000000000000000e+00
-1.818989403545856476e-12 -1.818989403545856476e-12 0.000000000000000000e+00 1.235775926033966243e-09 -3.744787591131171212e-09 1.409999999998734211e+03 -1.723802506884143064e-15 4.323025446443886422e-15 3.299896114304897310e+03 2.099896114306956406e+03 0.000000000000000000e+00 -1.818989403545856476e-12
-1.818989403545856476e-12 -7.275957614183425903e-12 7.275957614183425903e-12 3.075683707720600069e-09 -3.246867663619923405e-09 1.409999999999089141e+03 -2.225086990293975902e-15 2.174808756336332345e-14 2.699557821036296900e+03 8.995578210420901542e+02 0.000000000000000000e+00 -1.818989403545856476e-12
3.092281986027956009e-11 4.365574568510055542e-11 -2.910383045673370361e-11 2.771173512883251533e-09 -4.447969104148796760e-09 1.409999999997450459e+03 -2.563090627872553652e-14 6.197228473405754910e-15 4.499999416383896460e+03 3.299999416380199364e+03 0.000000000000000000e+00 3.092281986027956009e-11
0.000000000000000000e+00 -7.275957614183425903e-12 0.000000000000000000e+00 6.093642923588049598e-09 -3.068151954721543007e-09 1.409999999997815848e+03 3.711322988936356892e-14 -3.339430343892172032e-14 3.299919087832612149e+03 8.999190878390443231e+02 0.000000000000000000e+00 0.000000000000000000e+00
1.091393642127513885e-11 1.818989403545856476e-12 -3.637978807091712952e-12 6.318174428088241257e-09 -2.537717591621913016e-09 1.409999999996736278e+03 -7.408505957583121973e-15 2.683228283310069364e-15 2.699998364327944728e+03 4.499998364322962516e+03 0.000000000000000000e+00 1.091393642127513885e-11
-3.637978807091712952e-12 -3.637978807091712952e-12 -3.637978807091712952e-12 1.325162202192586847e-09 -7.185235517681576312e-09 1.409999999998816293e+03 -4.420096975882751850e-15 1.668816061523099432e-14 1.499840669849860205e+03 3.299840669854981570e+03 0.000000000000000000e+00 -3.637978807091712952e-12
1.818989403545856476e-12 0.000000000000000000e+00 0.000000000000000000e+00 1.761492285368149169e-09 -4.390670937937102281e-09 1.409999999998512976e+03 1.634006054760640650e-14 -6.429682696875587300e-15 2.099967859963421688e+03 3.899967859963890533e+03 0.000000000000000000e+00 1.818989403545856476e-12
-3.637978807091712952e-12 5.456968210637569427e-12 0.000000000000000000e+00 7.786127298459177837e-10 -6.886892833790625446e-09 1.409999999998772637e+03 1.000660792032172261e-14 -6.206510031262681476e-15 1.498629878684399955e+03 2.098629878688457211e+03 0.000000000000000000e+00 -3.637978807091712952e-12
0.000000000000000000e+00 0.000000000000000000e+00 3.637978807091712952e-12 1.058225507222232409e-09 -7.541558488810551353e-09 1.409999999998862677e+03 6.629293115854782382e-15 -1.293721606500265840e-14 1.499479424651280624e+03 2.699479424656230549e+03 0.000000000000000000e+00 0.000000000000000000e+00
-5.456968210637569427e-11 -3.456079866737127304e-11 4.001776687800884247e-11 3.001019877046928741e-09 -4.531699460130766965e-09 1.409999999997752866e+03 1.033760021130347062e-16 3.929020091895348052e-15 4.499999889600841925e+03 3.899999889597509991e+03 0.000000000000000000e+00 -5.456968210637569427e-11
3.637978807091712952e-12 -1.818989403545856476e-12 -1.818989403545856476e-12 1.222559831148828380e-09 -5.022599225412704982e-09 1.409999999998517524e+03 -1.597324591840660798e-14 2.329975024430094219e-14 2.099645492619031756e+03 2.699645492621931226e+03 0.000000000000000000e+00 3.637978807091712952e-12
3.637978807091712952e-12 5.456968210637569427e-12 0.000000000000000000e+00 1.770104063325561583e-09 -4.540794407148496248e-09 1.409999999998720568e+03 -1.408758335769559631e-14 -1.083187261286536227e-14 2.098647086767559813e+03 1.498647086770858778e+03 0.000000000000000000e+00 3.637978807091712952e-12
-1.000444171950221062e-10 -1.036823960021138191e-10 1.091393642127513885e-10 1.242482678739349922e+00 1.242482668008221935e+00 1.409999999999048669e+03 2.831813619415799490e-15 7.021399731639292516e-15 2.699999996632466264e+03 5.699999996620713318e+03 0.000000000000000000e+00 -1.000444171950221062e-10
-1.818989403545856476e-12 -1.818989403545856476e-12 -5.456968210637569427e-12 2.884519290091702715e-10 -1.017323825180938002e-08 1.409999999999067541e+03 7.226527138326758206e-15 4.245922884958937866e-15 8.994993078868329803e+02 2.699499307895018319e+03 0.000000000000000000e+00 -1.818989403545856476e-12
0.000000000000000000e+00 -1.818989403545856476e-12 1.818989403545856476e-12 3.699170747495372780e-09 -3.572466766854631715e-09 1.409999999998090516e+03 -2.403665126545458935e-14 2.762605328262065777e-14 3.299893501645814013e+03 1.499893501649840118e+03 0.000000000000000000e+00 0.000000000000000000e+00
3.274180926382541656e-11 4.001776687800884247e-11 -4.183675628155469894e-11 2.379437091803993098e-09 -4.368573058854963165e-09 1.409999999998655312e+03 1.077344002574955294e-14 -8.692501675102711698e-15 4.499999986703191098e+03 4.499999986699649526e+03 0.000000000000000000e+00 3.274180926382541656e-11
-5.456968210637569427e-12 5.456968210637569427e-12 -3.637978807091712952e-12 -2.786180175462504849e-10 -1.138801053457427770e-08 1.409999999998150770e+03 -1.276321442778868500e-14 7.853494337940714253e-16 2.997970430159017496e+02 2.699797043027473592e+03 0.000000000000000000e+00 -5.456968210637569427e-12
-3.637978807091712952e-12 0.000000000000000000e+00 5.456968210637569427e-12 4.481393034438951872e-09 -3.022563532795174979e-09 1.409999999997797431e+03 -1.802792137477440416e-15 -4.399034792223953448e-15 3.899999853261299904e+03 4.499999853257298128e+03 0.000000000000000000e+00 -3.637978807091712952e-12
-3.637978807091712952e-12 1.091393642127513885e-11 5.456968210637569427e-12 4.030511036035022698e-09 -2.219366024291957729e-09 1.409999999997017312e+03 1.961254224484629221e-14 -1.357964800032410750e-14 3.299995348229708270e+03 3.899995348227344948e+03 0.000000000000000000e+00 -3.637978807091712952e-12
0.000000000000000000e+00 5.456968210637569427e-12 -1.818989403545856476e-12 1.242482675811771742e+00 1.242482668900947829e+00 1.410000000000054342e+03 -1.462314797817848206e-14 1.152020743403905773e-14 3.299967871711688986e+03 2.999678717205840712e+02 0.000000000000000000e+00 0.000000000000000000e+00
-7.275957614183425903e-12 -3.637978807091712952e-12 -1.818989403545856476e-12 2.228944140370003879e-09 -4.087581828571273945e-09 1.409999999997494569e+03 3.274290311925640300e-14 -1.843502504950261000e-14 4.499997038872877965e+03 2.699997038869129028e+03 0.000000000000000000e+00 -7.275957614183425903e-12
3.637978807091712952e-12 -5.456968210637569427e-12 1.818989403545856476e-12 -4.294520294934045523e-11 -5.693067350875935517e-09 1.409999999998975227e+03 1.115791178868483474e-15 2.195393088182797176e-15 1.497324611882420413e+03 1.497324611885780996e+03 0.000000000000000000e+00 3.637978807091712952e-12
2.546585164964199066e-11 4.001776687800884247e-11 -2.364686224609613419e-11 1.063057197825401090e-09 -9.730214856062957551e-09 1.409999999998224894e+03 1.666061301472401840e-15 -2.752715939529409593e-15 5.699999998406899067e+03 3.299999998397939180e+03 0.000000000000000000e+00 2.546585164964199066e-11
-1.637090463191270828e-11 -2.000888343900442123e-11 3.092281986027956009e-11 2.021920408878941089e-09 -7.134929091989761218e-09 1.409999999998041631e+03 -7.831094961882034082e-16 8.579266442184389890e-15 5.099999928952795017e+03 3.299999928946440377e+03 0.000000000000000000e+00 -1.637090463191270828e-11
-1.091393642127513885e-11 -1.455191522836685181e-11 2.182787284255027771e-11 1.461302190364222042e-09 -3.951896587750525214e-09 1.409999999998026396e+03 -1.569884186997542281e-14 1.817229503438528880e-14 4.499995139452184048e+03 2.099995139449504677e+03 0.000000000000000000e+00 -1.091393642127513885e-11
3.637978807091712952e-12 0.000000000000000000e+00 -7.275957614183425903e-12 2.310940772076719441e-09 -7.286985237442422658e-09 1.409999999998035946e+03 9.560777272145956879e-15 1.497526132460625433e-14 5.099999810780535881e+03 2.699999810774021171e+03 0.000000000000000000e+00 3.637978807091712952e-12
-3.637978807091712952e-12 0.000000000000000000e+00 9.094947017729282379e-12 3.418165306356968358e-09 -3.463725306573905982e-09 1.409999999998061185e+03 2.052453238865101334e-14 -2.790869444265359506e-14 2.699521024085023782e+03 1.499521024089067851e+03 0.000000000000000000e+00 -3.637978807091712952e-12
-1.818989403545856476e-12 1.818989403545856476e-12 7.275957614183425903e-12 2.359769268878153525e-09 -6.375103112077340484e-09 1.409999999997965688e+03 -2.886723868547984547e-15 -1.627490423295054674e-14 5.099999693753558859e+03 2.099999693748154186e+03 0.000000000000000000e+00 -1.818989403545856476e-12
2.000888343900442123e-11 2.182787284255027771e-11 -1.091393642127513885e-11 2.729791503952583298e-09 -1.169313179616437992e-08 1.409999999998995463e+03 3.053963949742615304e-15 -4.739396570177363824e-15 5.699999994651067027e+03 2.099999994643903392e+03 0.000000000000000000e+00 2.000888343900442123e-11
0.000000000000000000e+00 -7.275957614183425903e-12 -1.818989403545856476e-12 1.145650685430155136e-09 -1.151374817709438503e-08 1.409999999999631427e+03 1.010623936366945674e-14 -5.236739154215240506e-15 8.998841387718123315e+02 3.299884138780449575e+03 0.000000000000000000e+00 0.000000000000000000e+00
-3.637978807091712952e-12 -1.818989403545856476e-12 0.000000000000000000e+00 1.543611460874672048e-09 -6.359954340950935148e-09 1.409999999998828343e+03 -1.875801340703575719e-14 4.138968336171201066e-15 1.499965100003934367e+03 3.899965100007700130e+03 0.000000000000000000e+00 -3.637978807091712952e-12
3.637978807091712952e-12 1.818989403545856476e-12 0.000000000000000000e+00 3.005595772265223786e-10 -4.053987368024536408e-09 1.409999999999954753e+03 8.752860790678415504e-15 -8.401806475247345551e-15 2.098328772438505439e+03 8.983287724429209220e+02 0.000000000000000000e+00 3.637978807091712952e-12
1.818989403545856476e-12 3.637978807091712952e-12 0.000000000000000000e+00 3.577582674552104436e-09 -3.443147988946293481e-09 1.409999999999565034e+03 1.815659676788513711e-14 -2.379156421781291354e-15 3.899999992955782545e+03 5.099999992949346961e+03 0.000000000000000000e+00 1.818989403545856476e-12
0.000000000000000000e+00 -3.637978807091712952e-12 -1.091393642127513885e-11 1.944499672390520573e-09 -1.056744736160908360e-08 1.409999999999533202e+03 2.003609280310608620e-16 7.415458943144816279e-15 8.999793998757447753e+02 3.899979399883190126e+03 0.000000000000000000e+00 0.000000000000000000e+00
-1.818989403545856476e-12 -5.456968210637569427e-12 -3.637978807091712952e-12 1.764362878020619974e-09 -5.372129407987813465e-09 1.409999999998312433e+03 -1.286990266045065716e-14 2.444021032956630591e-14 5.099999771890499687e+03 1.499999771887617726e+03 0.000000000000000000e+00 -1.818989403545856476e-12
0.000000000000000000e+00 1.818989403545856476e-12 9.094947017729282379e-12 2.636994622662314214e-09 -9.996796279665431939e-09 1.409999999999149168e+03 1.774017784720737112e-15 -7.911973136562626252e-15 5.699999996220369212e+03 1.499999996215684860e+03 0.000000000000000000e+00 0.000000000000000000e+00
1.818989403545856476e-12 0.000000000000000000e+00 0.000000000000000000e+00 2.532686949052731507e-09 -1.736410126795817632e-08 1.410000000000688260e+03 -3.579882803511017539e-15 -7.730651644819727141e-15 2.999931276493416590e+02 3.899993127659749462e+03 0.000000000000000000e+00 1.818989403545856476e-12
-3.637978807091712952e-12 0.000000000000000000e+00 -9.094947017729282379e-12 2.150414957213797607e-09 -8.744990509512717836e-09 1.409999999999425654e+03 -9.737760377076551518e-15 1.185538268561155819e-14 8.999969940172662746e+02 4.499996994021637875e+03 0.000000000000000000e+00 -3.637978807091712952e-12
3.637978807091712952e-12 -3.637978807091712952e-12 0.000000000000000000e+00 2.554543243604712188e-09 -1.539160621177870780e-08 1.410000000001127546e+03 -3.887585609204591283e-15 -3.221957242267038825e-15 2.999996575529703478e+02 4.499999657560181731e+03 0.000000000000000000e+00 3.637978807091712952e-12
-3.637978807091712952e-12 3.637978807091712952e-12 -3.637978807091712952e-12 1.242482673131689808e+00 1.242482668927181066e+00 1.410000000001384024e+03 -8.604161276732889506e-15 8.448129213665387983e-16 3.900000000010463282e+03 5.700000000000700311e+03 0.000000000000000000e+00 -3.637978807091712952e-12
1.091393642127513885e-11 7.275957614183425903e-12 -3.637978807091712952e-12 -8.469214662909507751e-09 5.152600124347372912e-09 1.409999999995643293e+03 8.953312901869386371e-15 -3.747892620462838664e-15 2.987852519694589546e+02 2.987852519717192195e+02 0.000000000000000000e+00 1.091393642127513885e-11
-2.000888343900442123e-11 -2.182787284255027771e-11 2.546585164964199066e-11 -1.858978748714434914e-09 -2.216808070443221368e-09 1.410000000000971568e+03 -8.846802441959583203e-16 -9.731624168300704658e-15 2.099165521306926621e+03 2.991655213134229712e+02 0.000000000000000000e+00 -2.000888343900442123e-11
1.818989403545856476e-12 -3.637978807091712952e-12 1.818989403545856476e-12 -6.173621613925206475e-09 4.002060904895188287e-10 1.410000000000059345e+03 -7.010204915629373053e-15 1.218211939065584175e-14 1.497869729920109194e+03 2.978697299245828845e+02 0.000000000000000000e+00 1.818989403545856476e-12
5.456968210637569427e-12 3.637978807091712952e-12 0.000000000000000000e+00 -4.874010528510552831e-09 7.639471277798293158e-10 1.410000000001467242e+03 9.504035537657653976e-15 6.986866338150694424e-15 4.500000000007255039e+03 5.700000000000381988e+03 0.000000000000000000e+00 5.456968210637569427e-12
-9.094947017729282379e-12 -1.818989403545856476e-12 0.000000000000000000e+00 2.985615310535649769e-09 -5.180851303521194495e-09 1.409999999998191697e+03 6.695604362145911676e-15 -3.017217568802794587e-14 5.099999944405954011e+03 8.999999444065015268e+02 0.000000000000000000e+00 -9.094947017729282379e-12
0.000000000000000000e+00 3.637978807091712952e-12 -3.637978807091712952e-12 4.803354158866568469e-09 -7.022464387773652561e-09 1.409999999998118938e+03 -7.032435540795396969e-15 -5.954271979075384865e-15 8.999998466160168391e+02 5.099999846616014111e+03 0.000000000000000000e+00 0.000000000000000000e+00
