1.000000000000000000e+00 0.000000000000000000e+00 0.000000000000000000e+00 0.000000000000000000e+00
2.000000000000000000e+00 2.000000000000000000e+03 0.000000000000000000e+00 0.000000000000000000e+00
3.000000000000000000e+00 2.000000000000000000e+03 2.000000000000000000e+03 0.000000000000000000e+00
4.000000000000000000e+00 0.000000000000000000e+00 2.000000000000000000e+03 0.000000000000000000e+00
5.000000000000000000e+00 1.999999999999300258e+02 0.000000000000000000e+00 0.000000000000000000e+00
6.000000000000000000e+00 3.999999999995879421e+02 0.000000000000000000e+00 0.000000000000000000e+00
7.000000000000000000e+00 5.999999999993545998e+02 0.000000000000000000e+00 0.000000000000000000e+00
8.000000000000000000e+00 7.999999999994278141e+02 0.000000000000000000e+00 0.000000000000000000e+00
9.000000000000000000e+00 9.999999999995233111e+02 0.000000000000000000e+00 0.000000000000000000e+00
1.000000000000000000e+01 1.199999999999707370e+03 0.000000000000000000e+00 0.000000000000000000e+00
1.100000000000000000e+01 1.399999999999780584e+03 0.000000000000000000e+00 0.000000000000000000e+00
1.200000000000000000e+01 1.599999999999853571e+03 0.000000000000000000e+00 0.000000000000000000e+00
1.300000000000000000e+01 1.799999999999926786e+03 0.000000000000000000e+00 0.000000000000000000e+00
1.400000000000000000e+01 2.000000000000000000e+03 1.999999999999300258e+02 0.000000000000000000e+00
1.500000000000000000e+01 2.000000000000000000e+03 3.999999999995879421e+02 0.000000000000000000e+00
1.600000000000000000e+01 2.000000000000000000e+03 5.999999999993545998e+02 0.000000000000000000e+00
1.700000000000000000e+01 2.000000000000000000e+03 7.999999999994278141e+02 0.000000000000000000e+00
1.800000000000000000e+01 2.000000000000000000e+03 9.999999999995233111e+02 0.000000000000000000e+00
1.900000000000000000e+01 2.000000000000000000e+03 1.199999999999707370e+03 0.000000000000000000e+00
2.000000000000000000e+01 2.000000000000000000e+03 1.399999999999780584e+03 0.000000000000000000e+00
2.100000000000000000e+01 2.000000000000000000e+03 1.599999999999853571e+03 0.000000000000000000e+00
2.200000000000000000e+01 2.000000000000000000e+03 1.799999999999926786e+03 0.000000000000000000e+00
2.300000000000000000e+01 1.800000000000013415e+03 2.000000000000000000e+03 0.000000000000000000e+00
2.400000000000000000e+01 1.600000000000026603e+03 2.000000000000000000e+03 0.000000000000000000e+00
2.500000000000000000e+01 1.400000000000040018e+03 2.000000000000000000e+03 0.000000000000000000e+00
2.600000000000000000e+01 1.200000000000053205e+03 2.000000000000000000e+03 0.000000000000000000e+00
2.700000000000000000e+01 1.000000000000044452e+03 2.000000000000000000e+03 0.000000000000000000e+00
2.800000000000000000e+01 7.999999999999470219e+02 2.000000000000000000e+03 0.000000000000000000e+00
2.900000000000000000e+01 5.999999999999602096e+02 2.000000000000000000e+03 0.000000000000000000e+00
3.000000000000000000e+01 3.999999999999733973e+02 2.000000000000000000e+03 0.000000000000000000e+00
3.100000000000000000e+01 1.999999999999868123e+02 2.000000000000000000e+03 0.000000000000000000e+00
3.200000000000000000e+01 0.000000000000000000e+00 1.800000000000013415e+03 0.000000000000000000e+00
3.300000000000000000e+01 0.000000000000000000e+00 1.600000000000026603e+03 0.000000000000000000e+00
3.400000000000000000e+01 0.000000000000000000e+00 1.400000000000040018e+03 0.000000000000000000e+00
3.500000000000000000e+01 0.000000000000000000e+00 1.200000000000053205e+03 0.000000000000000000e+00
3.600000000000000000e+01 0.000000000000000000e+00 1.000000000000044452e+03 0.000000000000000000e+00
3.700000000000000000e+01 0.000000000000000000e+00 7.999999999999470219e+02 0.000000000000000000e+00
3.800000000000000000e+01 0.000000000000000000e+00 5.999999999999602096e+02 0.000000000000000000e+00
3.900000000000000000e+01 0.000000000000000000e+00 3.999999999999733973e+02 0.000000000000000000e+00
4.000000000000000000e+01 0.000000000000000000e+00 1.999999999999868123e+02 0.000000000000000000e+00
4.100000000000000000e+01 1.799999996875735178e+03 9.999999968754478914e+02 0.000000000000000000e+00
4.200000000000000000e+01 1.999614200332905796e+02 9.999614200332890732e+02 0.000000000000000000e+00
4.300000000000000000e+01 1.199999999351618499e+03 1.799999999351599854e+03 0.000000000000000000e+00
4.400000000000000000e+01 7.997592802580709304e+02 1.997592802585878644e+02 0.000000000000000000e+00
4.500000000000000000e+01 5.999999992690898125e+02 1.799999999269106411e+03 0.000000000000000000e+00
4.600000000000000000e+01 1.399999766014729403e+03 1.999997660149498415e+02 0.000000000000000000e+00
4.700000000000000000e+01 1.799999999674049832e+03 1.399999999673912043e+03 0.000000000000000000e+00
4.800000000000000000e+01 1.990747953978834914e+02 5.990747953978838041e+02 0.000000000000000000e+00
4.900000000000000000e+01 1.799999997581140633e+03 3.999999975808574959e+02 0.000000000000000000e+00
5.000000000000000000e+01 1.999999954133721189e+02 1.599999995413395709e+03 0.000000000000000000e+00
5.100000000000000000e+01 1.979729707625397452e+02 3.979729707625798483e+02 0.000000000000000000e+00
5.200000000000000000e+01 1.799999999959227353e+03 1.599999999959142770e+03 0.000000000000000000e+00
5.300000000000000000e+01 3.980770703542672209e+02 1.980770703545149161e+02 0.000000000000000000e+00
5.400000000000000000e+01 1.599999999984029955e+03 1.799999999984006308e+03 0.000000000000000000e+00
5.500000000000000000e+01 1.199993468392345903e+03 1.999934683927493495e+02 0.000000000000000000e+00
5.600000000000000000e+01 7.999999985305942118e+02 1.799999998530599896e+03 0.000000000000000000e+00
5.700000000000000000e+01 1.799999996831408907e+03 5.999999968310428358e+02 0.000000000000000000e+00
5.800000000000000000e+01 1.999999993868577235e+02 1.799999999386876652e+03 0.000000000000000000e+00
5.900000000000000000e+01 1.999996720322099861e+02 1.399999672032233775e+03 0.000000000000000000e+00
6.000000000000000000e+01 1.799999998244658173e+03 1.999999982445656315e+02 0.000000000000000000e+00
6.100000000000000000e+01 1.983832492790942865e+02 1.983832492791886466e+02 0.000000000000000000e+00
6.200000000000000000e+01 1.799999999992902531e+03 1.799999999992856829e+03 0.000000000000000000e+00
6.300000000000000000e+01 1.399998592564222690e+03 3.999985925644369900e+02 0.000000000000000000e+00
6.400000000000000000e+01 5.999999141208606943e+02 1.599999914120864560e+03 0.000000000000000000e+00
6.500000000000000000e+01 1.599999780097946996e+03 3.999997800978969167e+02 0.000000000000000000e+00
6.600000000000000000e+01 3.985548837951780001e+02 3.985548837953384691e+02 0.000000000000000000e+00
6.700000000000000000e+01 9.999431878811365095e+02 1.999431878816415065e+02 0.000000000000000000e+00
6.800000000000000000e+01 1.599999993821837506e+03 1.399999993821783846e+03 0.000000000000000000e+00
6.900000000000000000e+01 1.599999999144222556e+03 1.599999999144186859e+03 0.000000000000000000e+00
7.000000000000000000e+01 1.999928956026511173e+02 1.199992895602667659e+03 0.000000000000000000e+00
7.100000000000000000e+01 3.999999367150752505e+02 1.599999936715089007e+03 0.000000000000000000e+00
7.200000000000000000e+01 1.799999995931015519e+03 7.999999959306684332e+02 0.000000000000000000e+00
7.300000000000000000e+01 1.799999997518079454e+03 1.199999997517876636e+03 0.000000000000000000e+00
7.400000000000000000e+01 3.999999862230278609e+02 1.799999986223047699e+03 0.000000000000000000e+00
7.500000000000000000e+01 9.999999983790796705e+02 1.799999998379070121e+03 0.000000000000000000e+00
7.600000000000000000e+01 1.997578582566633258e+02 7.997578582566536625e+02 0.000000000000000000e+00
7.700000000000000000e+01 1.399999999729392130e+03 1.799999999729373258e+03 0.000000000000000000e+00
7.800000000000000000e+01 5.992901366964382532e+02 1.992901366968583261e+02 0.000000000000000000e+00
7.900000000000000000e+01 1.599999853314297980e+03 1.999998533143430279e+02 0.000000000000000000e+00
8.000000000000000000e+01 3.999280436498481777e+02 9.999280436498418112e+02 0.000000000000000000e+00
8.100000000000000000e+01 7.996928334815045218e+02 3.996928334819667725e+02 0.000000000000000000e+00
8.200000000000000000e+01 1.199999966216176063e+03 1.599999966216189023e+03 0.000000000000000000e+00
8.300000000000000000e+01 1.599999811647210436e+03 7.999998116471232379e+02 0.000000000000000000e+00
8.400000000000000000e+01 1.599999934937312446e+03 1.199999934937242642e+03 0.000000000000000000e+00
8.500000000000000000e+01 1.199985183703197436e+03 3.999851837036305824e+02 0.000000000000000000e+00
8.600000000000000000e+01 3.999985151250887725e+02 1.399998515125093036e+03 0.000000000000000000e+00
8.700000000000000000e+01 1.599999755804111601e+03 5.999997558040398644e+02 0.000000000000000000e+00
8.800000000000000000e+01 7.999998661505264863e+02 1.599999866150528533e+03 0.000000000000000000e+00
8.900000000000000000e+01 3.991975272849016960e+02 5.991975272849956582e+02 0.000000000000000000e+00
9.000000000000000000e+01 1.399999992728418192e+03 1.599999992728415009e+03 0.000000000000000000e+00
9.100000000000000000e+01 5.992104654923060707e+02 3.992104654926226317e+02 0.000000000000000000e+00
9.200000000000000000e+01 1.399997056152025834e+03 5.999970561522286516e+02 0.000000000000000000e+00
9.300000000000000000e+01 1.399999944217726579e+03 1.399999944217739767e+03 0.000000000000000000e+00
9.400000000000000000e+01 3.999835420444661622e+02 1.199983542044461046e+03 0.000000000000000000e+00
9.500000000000000000e+01 9.999077574372765866e+02 3.999077574377785709e+02 0.000000000000000000e+00
9.600000000000000000e+01 1.599999805193612247e+03 9.999998051935345984e+02 0.000000000000000000e+00
9.700000000000000000e+01 3.996885539257168034e+02 7.996885539257523305e+02 0.000000000000000000e+00
9.800000000000000000e+01 9.999998843337527887e+02 1.599999884333761429e+03 0.000000000000000000e+00
9.900000000000000000e+01 5.999974712983726022e+02 1.399997471298367145e+03 0.000000000000000000e+00
1.000000000000000000e+02 5.995016967527230918e+02 5.995016967529485328e+02 0.000000000000000000e+00
1.010000000000000000e+02 5.999292582384242678e+02 9.999292582384483694e+02 0.000000000000000000e+00
1.020000000000000000e+02 5.997645675355620369e+02 7.997645675356803849e+02 0.000000000000000000e+00
1.030000000000000000e+02 1.399999463952693532e+03 1.199999463952734686e+03 0.000000000000000000e+00
1.040000000000000000e+02 9.999241145224539196e+02 5.999241145228928644e+02 0.000000000000000000e+00
1.050000000000000000e+02 7.997580897534369342e+02 5.997580897537845885e+02 0.000000000000000000e+00
1.060000000000000000e+02 5.999802858145505979e+02 1.199980285814549006e+03 0.000000000000000000e+00
1.070000000000000000e+02 1.199977617100106954e+03 5.999776171004754133e+02 0.000000000000000000e+00
1.080000000000000000e+02 7.999974989777523433e+02 1.399997498977757914e+03 0.000000000000000000e+00
1.090000000000000000e+02 1.199999627243461191e+03 1.399999627243500527e+03 0.000000000000000000e+00
1.100000000000000000e+02 1.399996607252677450e+03 7.999966072528191035e+02 0.000000000000000000e+00
1.110000000000000000e+02 1.199997714289951318e+03 1.199997714290035447e+03 0.000000000000000000e+00
1.120000000000000000e+02 7.999870057048935905e+02 1.199987005704921330e+03 0.000000000000000000e+00
1.130000000000000000e+02 9.999505631386739424e+02 7.999505631389617974e+02 0.000000000000000000e+00
1.140000000000000000e+02 1.199982162074365078e+03 7.999821620746253075e+02 0.000000000000000000e+00
1.150000000000000000e+02 9.999981678153153553e+02 1.399998167815344232e+03 0.000000000000000000e+00
1.160000000000000000e+02 1.399997371028494399e+03 9.999973710285698871e+02 0.000000000000000000e+00
1.170000000000000000e+02 7.999497251725624665e+02 9.999497251726606919e+02 0.000000000000000000e+00
1.180000000000000000e+02 7.998620856498628200e+02 7.998620856500763239e+02 0.000000000000000000e+00
1.190000000000000000e+02 9.999915761269350014e+02 1.199991576127007647e+03 0.000000000000000000e+00
1.200000000000000000e+02 9.999713991844042766e+02 9.999713991845615055e+02 0.000000000000000000e+00
1.210000000000000000e+02 1.199988435726035505e+03 9.999884357261857986e+02 0.000000000000000000e+00
