-9.447782711312247557e+02 -8.075517303323877059e+02 3.858299183598184754e+04 -6.269066818500462546e+00 -6.062120789380927022e+00 6.683413230213929523e+00 -7.313787830203998475e+00 6.651010870256048868e+00 1.499998796154576667e+03 4.999987961546505630e+02 0.000000000000000000e+00 -9.447782711312247557e+02
-1.505385515574393139e+03 -8.405791595365026296e+02 3.975912354912504816e+04 -2.456258511400123723e+01 -3.746657493525233917e+00 7.887039758520060673e+00 4.959921579881704190e+01 6.259157368738497595e+00 1.499999497997799381e+03 2.999994979979067011e+02 0.000000000000000000e+00 -1.505385515574393139e+03
1.747313089178624068e+03 1.454236290096546327e+03 4.130309531771147158e+04 -2.421333110584191672e+01 -1.720974260707487957e+01 -1.109566989845993845e+01 4.753889060961314073e+01 4.387570001866654223e+01 2.982470435477698061e+02 2.982470435479054913e+02 0.000000000000000000e+00 1.747313089178624068e+03
-4.629474137540964875e+02 -4.562497280717088870e+02 3.849326045889337547e+04 -4.336705741076414711e+00 -5.920119241000300292e+00 3.417759043103480110e+00 2.802721835827842956e+00 6.714863048763959341e+00 1.499998307714006387e+03 6.999983077140527712e+02 0.000000000000000000e+00 -4.629474137540964875e+02
7.059602628578923031e+02 5.006105547355546150e+02 3.867652670250935626e+04 -7.972003586690107113e+00 -5.891594057551728270e+00 -4.651412724710688451e+00 -6.959334391177503853e+00 2.221344316451681955e+00 6.995407713699926262e+02 4.995407713703306172e+02 0.000000000000000000e+00 7.059602628578923031e+02
1.498723571891145184e+03 8.485070283382701746e+02 3.977130814947996259e+04 -2.461836827568611596e+01 -3.839639782171083482e+00 -7.920302443067214426e+00 4.947773047326758444e+01 -6.001100366502747363e+00 4.987831390845473720e+02 2.987831390848335786e+02 0.000000000000000000e+00 1.498723571891145184e+03
7.021907312946987076e+02 4.993550317184590313e+02 3.867193798201469326e+04 -7.921855802838734917e+00 -5.875243148661354553e+00 -4.633131403207222831e+00 6.975697535966177476e+00 -2.235069265228712965e+00 1.299999882601445506e+03 1.499999882601461195e+03 0.000000000000000000e+00 7.021907312946987076e+02
9.446169981459879637e+02 8.065769619238253654e+02 3.858360673816077178e+04 -6.265508224832899487e+00 -6.070961661587418234e+00 -6.680817400706878573e+00 7.313174630128354003e+00 6.651080743929473904e+00 1.499999982478051152e+03 1.499999982478031143e+03 0.000000000000000000e+00 9.446169981459879637e+02
1.739018809712417351e+03 1.448352982944708856e+03 4.129182915689094807e+04 -2.412391831374438311e+01 -1.714950481806042859e+01 -1.109709473825967052e+01 -4.774697256644672194e+01 -4.413370795469150210e+01 1.699999999770095656e+03 1.699999999770048134e+03 0.000000000000000000e+00 1.739018809712417351e+03
-1.175484862657795020e+02 -1.306146650731943737e+02 3.868468593658893224e+04 -4.382348401450187225e+00 -8.414895153102825986e+00 9.899594772333344395e-01 6.150518177625713401e-02 -2.054568603249751213e+00 1.299991144020393222e+03 8.999911440205499957e+02 0.000000000000000000e+00 -1.175484862657795020e+02
-7.350672087110415305e+02 -3.967837709260538759e+02 3.952494904536498507e+04 -2.131653409509502239e+01 -2.652362397335004118e+00 3.712340145184072071e+00 4.757669631112396758e+01 -1.670070914997962008e+00 1.299994252668623631e+03 2.999942526689417264e+02 0.000000000000000000e+00 -7.350672087110415305e+02
-1.599902243923188507e+02 -4.303729353407925373e+01 3.445950859593608766e+04 4.213093458522443768e+01 -1.594998799349838237e-01 3.278236070677564840e-01 -2.287193528465951147e+02 4.335777484118131797e-01 1.099984164068178188e+03 9.998416406859772110e+01 0.000000000000000000e+00 -1.599902243923188507e+02
4.633572057114124618e+02 4.573990497247195890e+02 3.849785090489438153e+04 -4.346185810116750758e+00 -5.961019428591761482e+00 -3.432128986649239266e+00 2.782259818983518151e+00 -6.698914384682269407e+00 4.995380863747259355e+02 6.995380863748441698e+02 0.000000000000000000e+00 4.633572057114124618e+02
-2.577768442450596922e+03 -1.713902193917112527e+03 3.414926025766711246e+04 1.533764125919357468e+01 1.374023576948188463e+01 8.383747827662475061e+00 -2.516411760770074295e+02 2.458469033275258937e+02 1.899999999561146296e+03 9.999999956112391430e+01 0.000000000000000000e+00 -2.577768442450596922e+03
-9.682733643432038662e+01 -9.803489864097718964e+01 3.918451331089868472e+04 -6.918422665770407320e-01 -1.150615216483134873e+01 5.598376233418491665e-01 5.952294655159686698e-01 4.250561550822452972e+01 2.999664753325640163e+02 1.099966475332565096e+03 0.000000000000000000e+00 -9.682733643432038662e+01
2.603973309859647998e+03 1.736261426606112764e+03 3.410918069475223456e+04 1.556794500275152870e+01 1.393061408563697512e+01 -8.517007967343275254e+00 -2.531369879051305531e+02 -2.472260741501537780e+02 9.959581231975607807e+01 9.959581231979386473e+01 0.000000000000000000e+00 2.603973309859647998e+03
-2.375659976117985934e+02 -1.604138986261896207e+02 3.853821358964028332e+04 -7.923315979499847117e+00 -4.601578043516376226e+00 1.537129501397750175e+00 7.153587525254162749e+00 -1.042653032170273719e-01 8.999988543193368287e+02 1.499998854319348084e+03 0.000000000000000000e+00 -2.375659976117985934e+02
-1.994268532950081863e+01 -5.644635811089574418e+01 3.369524243686073896e+04 1.354399223694713328e-02 3.407539573859570936e+01 9.300753296589192587e-02 -3.130261358541207573e-01 2.263602080262961920e+02 1.899999998201687731e+03 8.999999982012668625e+02 0.000000000000000000e+00 -1.994268532950081863e+01
-4.564862626881222241e+01 -5.297688441728678299e+01 3.875369659587640490e+04 -5.892877795450147005e+00 -8.821921552690831447e+00 4.137329192360965635e-01 -4.333259302135780699e-02 -7.014166317982437060e-02 8.999749265471987201e+02 1.099974926547287851e+03 0.000000000000000000e+00 -4.564862626881222241e+01
-4.650335085453862121e+02 -4.556135192210904279e+02 3.849270646405906882e+04 -4.319893589231270425e+00 -5.928171619911118739e+00 3.423293718021383825e+00 -2.804366992953735593e+00 -6.715820417848230584e+00 4.999899535706195479e+02 1.299989953570617672e+03 0.000000000000000000e+00 -4.650335085453862121e+02
2.577651010674623649e+03 1.713810010492658876e+03 3.414938771269543213e+04 1.533781184915157780e+01 1.374025580502523525e+01 -8.383959822182859511e+00 2.516408474025076316e+02 2.458467906308578392e+02 1.899999999998228986e+03 1.899999999998196017e+03 0.000000000000000000e+00 2.577651010674623649e+03
1.140757991035763553e+03 1.894424649236181722e+03 3.583485245129841496e+04 -1.835369393423133033e+01 2.579151335300414161e+01 -8.782517253182504646e+00 5.561966241235467834e+01 -2.228242820173192911e+02 9.908905501040851505e+01 2.990890550104321619e+02 0.000000000000000000e+00 1.140757991035763553e+03
3.884022623498676694e+02 3.701381258822766540e+02 3.879524833173254592e+04 -6.905649402497829215e+00 -7.789321996640062196e+00 -3.063800417460399217e+00 -2.995851571085950127e+00 -2.143045242795632355e+00 1.299999187425958098e+03 1.299999187426002663e+03 0.000000000000000000e+00 3.884022623498676694e+02
-2.344191732587078150e+02 -1.261782846179139597e+02 3.936056101831525302e+04 -2.004202402090254509e+01 -1.766540048252259965e+00 1.166046613801199783e+00 4.702899821473194919e+01 3.486392540278170360e-01 1.099957399353489109e+03 2.999573993539499952e+02 0.000000000000000000e+00 -2.344191732587078150e+02
-3.042915961083672300e+02 -2.933186052303935867e+02 3.928878819009749714e+04 -1.278237609782920003e+00 -1.221540358945081550e+01 1.678913569299538722e+00 1.637408220253470104e+00 -4.286152528432788955e+01 1.699999890053436502e+03 6.999998900532186781e+02 0.000000000000000000e+00 -3.042915961083672300e+02
-1.293078587902455183e+02 -1.186387716161016215e+02 3.832960526569843933e+04 -2.186517252689782254e+00 -5.331072964502951095e+00 8.662621954863993778e-01 2.153566027707742303e-01 -7.429204999779716267e+00 4.999552824368223014e+02 1.099955282436824973e+03 0.000000000000000000e+00 -1.293078587902455183e+02
1.183752488267346052e+02 1.319050920889494591e+02 3.868555899624774611e+04 -4.371094515438159078e+00 -8.431526929378918567e+00 -1.008908369653397585e+00 5.938623604513984522e-02 2.054439750386759300e+00 6.998764091491028694e+02 8.998764091492164425e+02 0.000000000000000000e+00 1.183752488267346052e+02
-1.197200183925979218e+02 -1.299479696137959763e+02 3.868438676697613118e+04 -4.361986169766311150e+00 -8.425898478909289224e+00 9.948915612742226244e-01 -6.125238792686199529e-02 2.053730692910913813e+00 6.999615687326077023e+02 1.099961568732644764e+03 0.000000000000000000e+00 -1.197200183925979218e+02
7.977967133556940098e+02 8.870336371289804447e+02 3.952641304704162758e+04 -2.203819224426297296e+00 -1.544139413630604452e+01 -5.697286748663117351e+00 7.335071266733291573e+00 -4.565612339390720109e+01 1.699999998149834255e+03 1.499999998149756493e+03 0.000000000000000000e+00 7.977967133556940098e+02
1.270353479487312143e+02 1.187459952396411609e+02 3.833030427861243516e+04 -2.206096106850452543e+00 -5.323880619944795001e+00 -8.640708046715204205e-01 2.191224674892750524e-01 7.429991847961902707e+00 1.499999143778028156e+03 1.099999143778020425e+03 0.000000000000000000e+00 1.270353479487312143e+02
-3.875768101466255757e+02 -3.704538014920572095e+02 3.879527599967939022e+04 -6.918563538414048253e+00 -7.779987798680792821e+00 3.056168561925922234e+00 2.995660585245785601e+00 -2.144049489580686529e+00 1.299988360644793829e+03 6.999883606450371190e+02 0.000000000000000000e+00 -3.875768101466255757e+02
8.065438416602919460e+02 8.889062335003163753e+02 3.953479729204796604e+04 -2.325083030438349851e+00 -1.546597769191581762e+01 -5.733525927748424067e+00 -7.099098998061675658e+00 4.545760315246718619e+01 2.987000443101257474e+02 4.987000443101994733e+02 0.000000000000000000e+00 8.065438416602919460e+02
7.341725627232244733e+02 3.954731804113635008e+02 3.952592818744351098e+04 -2.131593872884856466e+01 -2.664141722468869489e+00 -3.703376108151815060e+00 -4.757987485894362578e+01 -1.672974469946097775e+00 1.299999989506401107e+03 1.699999989506394286e+03 0.000000000000000000e+00 7.341725627232244733e+02
2.394571988898969721e+02 1.602459319117560881e+02 3.854074334726863890e+04 -7.965442420062373685e+00 -4.597578961244451534e+00 -1.547671485906214173e+00 -7.147827330846250327e+00 -1.179302853971653103e-01 8.998206987986679906e+02 4.998206987991057417e+02 0.000000000000000000e+00 2.394571988898969721e+02
-5.868670490626573155e+01 -2.477992768380836424e+02 3.367627123872467928e+04 3.305273773717132713e+00 3.199748772286820753e+01 -2.316901054759057388e-01 -1.118983778690263087e+01 2.287236723738708122e+02 1.899999998603137328e+03 4.999999986027107752e+02 0.000000000000000000e+00 -5.868670490626573155e+01
1.536808767367929249e+02 1.378490854637520897e+02 3.879111497102987778e+04 -8.221491444038676377e+00 -7.330378255228453099e+00 -1.205171697440007961e+00 -3.065308043292969131e+00 9.587213669331100252e-02 1.099996771368915688e+03 1.299996771368972077e+03 0.000000000000000000e+00 1.536808767367929249e+02
4.635026365160756541e+02 4.554903547372532557e+02 3.849362105906667421e+04 -4.331496299159908858e+00 -5.927754791099189902e+00 -3.421057691195628081e+00 -2.802811114634326195e+00 6.715340032927451297e+00 1.499999834232392459e+03 1.299999834232375179e+03 0.000000000000000000e+00 4.635026365160756541e+02
1.569074974015529733e+02 3.388344103821691533e+01 3.445514260591793573e+04 4.218263751153271812e+01 -1.501407595868684552e-01 -2.585605471846221803e-01 -2.287982337014643974e+02 -4.689726240975755633e-01 8.999256170345397550e+02 9.992561703505734272e+01 0.000000000000000000e+00 1.569074974015529733e+02
3.045875509662491822e+02 2.923826242198438194e+02 3.928923001057960209e+04 -1.276927223635098585e+00 -1.222026468702886604e+01 -1.679821079819475926e+00 -1.637215170465465830e+00 -4.286214719385417027e+01 1.699999981487819696e+03 1.299999981487703735e+03 0.000000000000000000e+00 3.045875509662491822e+02
2.344947947786076838e+02 1.234874985388478308e+02 3.936170677845852333e+04 -2.006129624957289082e+01 -1.763913419318370757e+00 -1.159231588450687411e+00 4.701305028737608183e+01 -2.889327974162002599e-01 8.998257647644970803e+02 2.998257647649936644e+02 0.000000000000000000e+00 2.344947947786076838e+02
1.558475848626894731e+02 1.387352058245696753e+02 3.879282071016427653e+04 -8.248159138935434953e+00 -7.332611021182053435e+00 -1.220003323516749560e+00 3.068105475231926782e+00 -9.150097287474430463e-02 8.998737132661069609e+02 6.998737132664289220e+02 0.000000000000000000e+00 1.558475848626894731e+02
5.864178572250420984e+01 2.471853089750302388e+02 3.367661968145368883e+04 3.305226728301462913e+00 3.199613273037795835e+01 2.320700131048738513e-01 1.118970369063873527e+01 2.287248513714019111e+02 1.899999999908319296e+03 1.499999999908172185e+03 0.000000000000000000e+00 5.864178572250420984e+01
1.107578670013319424e+03 1.891961357527256951e+03 3.586834057231287443e+04 -1.812277125149073242e+01 2.539163135764230361e+01 -8.765272748898667032e+00 -5.525373131748704481e+01 2.203693408261865727e+02 1.899999999988032414e+03 1.699999999987945102e+03 0.000000000000000000e+00 1.107578670013319424e+03
-2.256406334625899035e+01 -5.685711924615952739e+01 3.369293791474335012e+04 2.450108411098028682e-02 3.408551180638283995e+01 1.063451032836155719e-01 3.080412619625889636e-01 -2.263693430383364387e+02 9.998857890898543133e+01 1.099988578909013540e+03 0.000000000000000000e+00 -2.256406334625899035e+01
-1.589759657795148087e+02 -4.028419249522994505e+01 3.446250598874741991e+04 4.209691802487367340e+01 -1.717726304292028772e-01 3.054230733404068587e-01 2.287076926992495203e+02 -4.418459015290830960e-01 8.999999992274163105e+02 1.899999999227417447e+03 0.000000000000000000e+00 -1.589759657795148087e+02
-3.057300385279995680e+02 -2.929725694606504476e+02 3.928822167638364772e+04 -1.268758765167930846e+00 -1.221908389534689121e+01 1.683516805026314955e+00 -1.635834386497573067e+00 4.285884794855165580e+01 2.999936562011040451e+02 1.299993656201113936e+03 0.000000000000000000e+00 -3.057300385279995680e+02
9.185422856142395176e+01 9.762035605516939540e+01 3.918477883394252422e+04 -6.839961180076841174e-01 -1.151308465627393929e+01 -5.452867664200766740e-01 -5.291638269899756608e-01 4.248491507390090050e+01 2.998339689663797003e+02 8.998339689663841909e+02 0.000000000000000000e+00 9.185422856142395176e+01
2.011391993668803480e+01 5.540360970539586560e+01 3.369536772168062453e+04 1.356583391299182040e-02 3.407466542412714006e+01 -9.338237370624824507e-02 3.137629750099568682e-01 2.263606424138601483e+02 1.899999998598453658e+03 1.099999998598138745e+03 0.000000000000000000e+00 2.011391993668803480e+01
9.467633521722746082e+01 9.717850377864215261e+01 3.918608839839995198e+04 -7.129606701689397141e-01 -1.150589875569900755e+01 -5.519695114041240913e-01 5.857446190142731046e-01 -4.251344005517609759e+01 1.699999933631184831e+03 1.099999933631025442e+03 0.000000000000000000e+00 9.467633521722746082e+01
3.045299564852339245e+02 2.934484525068328367e+02 3.929055695130764798e+04 -1.268807819733979159e+00 -1.224169147411949155e+01 -1.694056738521013017e+00 1.771826719636390157e+00 4.276787245794746184e+01 2.994296837162913221e+02 6.994296837163212786e+02 0.000000000000000000e+00 3.045299564852339245e+02
-2.356284248970623594e+02 -1.619974020164108879e+02 3.853890474217356677e+04 -7.948845286829822498e+00 -4.588717800558889337e+00 1.537686804719754718e+00 -7.153784601758723660e+00 9.954369507310377452e-02 1.099948668190758781e+03 4.999486681911944288e+02 0.000000000000000000e+00 -2.356284248970623594e+02
-9.409592200535917073e+01 -9.815824261654415750e+01 3.918592287275836861e+04 -7.136007883366204396e-01 -1.150390857536796574e+01 5.491180548138032691e-01 -5.852175149718277236e-01 -4.251324388373097207e+01 1.699999902411893345e+03 8.999999024116935971e+02 0.000000000000000000e+00 -9.409592200535917073e+01
-1.526500451137872005e+02 -1.372663192400295884e+02 3.879198138618181110e+04 -8.244689010381009098e+00 -7.323601651046779182e+00 1.190921703623139649e+00 3.065782132538305227e+00 9.560185779393789995e-02 1.099958614208899917e+03 6.999586142092389309e+02 0.000000000000000000e+00 -1.526500451137872005e+02
1.411862424898081372e+02 2.416005962108356471e+02 3.384749349121039995e+04 -5.654818493072326646e-01 3.327137544620624254e+01 -6.624153977227962287e-01 -1.049259170562630628e+00 2.264326441049287553e+02 1.899999999298032435e+03 1.299999999297819159e+03 0.000000000000000000e+00 1.411862424898081372e+02
-1.260483585890451650e+02 -1.192399415711397523e+02 3.833019860221998533e+04 -2.208483296075399949e+00 -5.320934639078508610e+00 8.563963868638353460e-01 -2.184960022182103057e-01 7.429681433072201635e+00 1.499998398780498746e+03 8.999983987805117067e+02 0.000000000000000000e+00 -1.260483585890451650e+02
-3.230979744160022165e+03 -1.013282070849783850e+03 3.694797976905637915e+04 2.834016272694809402e+01 -1.393770966461475780e+01 1.003358765772859584e+01 -2.218250182331921394e+02 -5.127690450433728131e+01 1.699999962889684184e+03 9.999996288972715774e+01 0.000000000000000000e+00 -3.230979744160022165e+03
-1.739393274577669217e+03 -1.448395281216598960e+03 4.129152362237944908e+04 -2.412356148872261485e+01 -1.714916736467084490e+01 1.109629469221778209e+01 -4.774609788614612427e+01 4.413297303520836579e+01 2.999999794345832811e+02 1.699999979434602437e+03 0.000000000000000000e+00 -1.739393274577669217e+03
1.581360204342654470e+02 4.028688298505312559e+01 3.446252486117402441e+04 4.209750165145587175e+01 -1.718584161250120701e-01 -3.046271588555669041e-01 2.287077230551932701e+02 4.418786190050630336e-01 1.099999999432699042e+03 1.899999999432667664e+03 0.000000000000000000e+00 1.581360204342654470e+02
-7.022182559776028938e+02 -5.005771744367293650e+02 3.867152532443467499e+04 -7.932570638339612401e+00 -5.862482185489966469e+00 4.636143165659568410e+00 -6.976650149460756900e+00 -2.237029276052670212e+00 1.299989612379888285e+03 4.999896123801929093e+02 0.000000000000000000e+00 -7.022182559776028938e+02
-9.456182386460950511e+02 -8.066208973309985595e+02 3.858300066766214877e+04 -6.261157742971832363e+00 -6.069720435604672559e+00 6.681523502168900563e+00 7.313012453663388257e+00 -6.651799566439068556e+00 4.999989593148493441e+02 1.499998959314853437e+03 0.000000000000000000e+00 -9.456182386460950511e+02
2.362164155975788162e+02 1.608322934941752465e+02 3.853839503084849275e+04 -7.925123668690631007e+00 -4.601850380444808764e+00 -1.537987042884154221e+00 7.153643126038553568e+00 1.045586889206981535e-01 1.099999411402176293e+03 1.499999411402198803e+03 0.000000000000000000e+00 2.362164155975788162e+02
-7.352028472655074438e+02 -3.953777986566692562e+02 3.952568290886258183e+04 -2.131504357136611105e+01 -2.663280981012924542e+00 3.703958128981156506e+00 -4.757994234815471657e+01 1.672870300769389917e+00 6.999999445177677444e+02 1.699999944517775020e+03 0.000000000000000000e+00 -7.352028472655074438e+02
5.651725578915829828e+02 1.417202755096532201e+02 3.460805925374342041e+04 4.071816836000215289e+01 -5.880809849610884044e-01 -1.139550808680866112e+00 -2.291101113552726076e+02 8.552869320818162757e-01 6.997623542383229278e+02 9.976235423886154763e+01 0.000000000000000000e+00 5.651725578915829828e+02
-2.577796208287723857e+03 -1.713893420387631522e+03 3.414925028376573755e+04 1.533751007765354757e+01 1.373998990996918934e+01 8.383528615486000035e+00 2.516412753006465834e+02 -2.458467896130095198e+02 9.999999984671113396e+01 1.899999999846722631e+03 0.000000000000000000e+00 -2.577796208287723857e+03
3.909508940340892877e+02 3.718908108259593064e+02 3.879774590154930775e+04 -6.929090230504428405e+00 -7.804810129905746408e+00 -3.083652033873683251e+00 3.004383889532385332e+00 2.152989639721938797e+00 6.997216099228961639e+02 6.997216099231225144e+02 0.000000000000000000e+00 3.909508940340892877e+02
1.235450749838528282e+02 1.200466158931531027e+02 3.833117385727568035e+04 -2.188696009792977293e+00 -5.342603111243072078e+00 -8.594919912141918417e-01 -2.338155622478610973e-01 -7.425318199904018535e+00 4.998276058373878072e+02 8.998276058374307240e+02 0.000000000000000000e+00 1.235450749838528282e+02
-5.653607929575628077e+02 -1.557950441905168191e+02 3.462322130745879986e+04 4.054131865739263674e+01 -6.098177417860881633e-01 1.224530833447097677e+00 -2.287546516431308703e+02 -9.534808900150795186e-01 1.299998308601640701e+03 9.999830860192480486e+01 0.000000000000000000e+00 -5.653607929575628077e+02
-9.356991583742747025e+02 -2.328219547805638285e+02 3.464556880705778167e+04 3.737118494341703467e+01 1.019440109322609089e+00 1.784122374671269995e+00 -2.304339297385062935e+02 9.546607303243563436e+00 1.499999904832165385e+03 9.999990483232321026e+01 0.000000000000000000e+00 -9.356991583742747025e+02
-1.107647635677172730e+03 -1.892190720774853617e+03 3.586811147095929482e+04 -1.812265079241903010e+01 2.539065864843421849e+01 8.764664073133772604e+00 -5.525300516146888441e+01 -2.203683807667283361e+02 9.999999870005746061e+01 1.699999998700078095e+03 0.000000000000000000e+00 -1.107647635677172730e+03
-7.983640203238119284e+02 -8.872529884825526096e+02 3.952585921136844263e+04 -2.201577643118255878e+00 -1.544074401685099218e+01 5.697536797570563749e+00 7.335967689662932223e+00 4.565495653411475985e+01 2.999995298214365107e+02 1.499999529821453052e+03 0.000000000000000000e+00 -7.983640203238119284e+02
-7.034309403116549220e+02 -4.991361226544777310e+02 3.867145655240947235e+04 -7.917436420237748962e+00 -5.874373359553793250e+00 4.633096981183044250e+00 6.975481667045518641e+00 2.234831443656721373e+00 6.999986876368781168e+02 1.499998687636879367e+03 0.000000000000000000e+00 -7.034309403116549220e+02
-3.231011691349129251e+03 -1.013156807809404199e+03 3.694805582550742838e+04 2.833880524365186204e+01 -1.393829883099429168e+01 1.003241041971651981e+01 2.218254358655787541e+02 5.127734582571836341e+01 2.999999964024614201e+02 1.899999996402481202e+03 0.000000000000000000e+00 -3.231011691349129251e+03
1.504674457816588983e+03 8.398043566921332967e+02 3.975982704515314981e+04 -2.456363465019398973e+01 -3.753012586566917719e+00 -7.881864320491317244e+00 -4.960045669861954565e+01 6.258468077120175721e+00 1.499999997896515652e+03 1.699999997896495188e+03 0.000000000000000000e+00 1.504674457816588983e+03
-2.347931649243109860e+02 -1.243876564812699144e+02 3.936135600600823818e+04 -2.003343399262129765e+01 -1.784492770519143789e+00 1.157799642307296040e+00 -4.703887044894999292e+01 -3.335227213857642203e-01 8.999999368484883462e+02 1.699999936848490051e+03 0.000000000000000000e+00 -2.347931649243109860e+02
-5.649249767127275845e+02 -1.547998036787903402e+02 3.462428423414809367e+04 4.052852927447955267e+01 -6.149551775018551325e-01 1.215300354872049127e+00 2.287559328635023519e+02 9.532181737975876645e-01 6.999999994498978140e+02 1.899999999449926690e+03 0.000000000000000000e+00 -5.649249767127275845e+02
-1.411080236364614393e+02 -2.424789675692536548e+02 3.384718043542581290e+04 -5.654879946233677401e-01 3.327300296045955008e+01 6.624354545660509075e-01 1.049610935760849850e+00 2.264315542578008831e+02 1.899999998190605993e+03 6.999999981901235060e+02 0.000000000000000000e+00 -1.411080236364614393e+02
-9.356306746351565380e+02 -2.324730067507252897e+02 3.464590634365659207e+04 3.736652081353976484e+01 1.017718171658543724e+00 1.780706340042442548e+00 2.304350128551156729e+02 -9.545729686654027546e+00 4.999999963730128343e+02 1.899999996373038584e+03 0.000000000000000000e+00 -9.356306746351565380e+02
1.117486292000285175e+01 5.377283237254687265e+01 3.368755567992159922e+04 4.073000299860041196e-02 3.412384691412581361e+01 -5.331320599763245127e-02 -3.465894990462188852e-01 -2.264331702980382204e+02 9.992981957248846925e+01 8.999298195724834386e+02 0.000000000000000000e+00 1.117486292000285175e+01
-1.107666812377552560e+03 -1.892294054708132535e+03 3.586808751326441416e+04 -1.812256208374108013e+01 2.539208246066809238e+01 8.765455966969184942e+00 5.525310495963153556e+01 2.203686966586690517e+02 1.899999998956449645e+03 2.999999989562352880e+02 0.000000000000000000e+00 -1.107666812377552560e+03
-3.897110732267792628e+02 -3.696329711879898241e+02 3.879464397703979193e+04 -6.895690881703913533e+00 -7.790884932044214395e+00 3.061077844009368221e+00 -2.996264408008410651e+00 2.142978857334426390e+00 6.999905654488923119e+02 1.299990565448898906e+03 0.000000000000000000e+00 -3.897110732267792628e+02
-5.882514661982531834e+01 -2.475619786768011181e+02 3.367622845761272038e+04 3.305690291889007426e+00 3.199476808812791973e+01 -2.321185957553382195e-01 1.119020568812034000e+01 -2.287230514406474242e+02 9.999991686139551916e+01 1.499999916861423799e+03 0.000000000000000000e+00 -5.882514661982531834e+01
2.336023370779712423e+02 1.245116501797119781e+02 3.936145055666573171e+04 -2.003385079769260813e+01 -1.784840787222819358e+00 -1.156788442403012596e+00 -4.703876176208480331e+01 3.336554875869089942e-01 1.099999962070156698e+03 1.699999962070155334e+03 0.000000000000000000e+00 2.336023370779712423e+02
1.188460331810947537e+02 1.309318333834316945e+02 3.868460464363807114e+04 -4.376827965489241024e+00 -8.418086720396388500e+00 -1.004019074739375128e+00 -6.000803866364895489e-02 -2.053878163515734823e+00 1.299995746249293688e+03 1.099995746249381455e+03 0.000000000000000000e+00 1.188460331810947537e+02
-1.417915741174783761e+02 -2.422463257934750800e+02 3.384664215096711996e+04 -5.630826715944721172e-01 3.327204036199317017e+01 6.649210024413108044e-01 -1.048951854429671871e+00 -2.264311077052901169e+02 9.999814190871526876e+01 1.299998141908748494e+03 0.000000000000000000e+00 -1.417915741174783761e+02
-1.548109335414974339e+02 -1.369726046807627426e+02 3.879092227567105147e+04 -8.217723720236037366e+00 -7.331251517104135473e+00 1.199250598249093969e+00 -3.065553643775629222e+00 -9.532988939433376108e-02 8.999935621562240158e+02 1.299993562156257894e+03 0.000000000000000000e+00 -1.548109335414974339e+02
-1.505410915613225370e+03 -8.397512439789234122e+02 3.975951960953709204e+04 -2.456290483117831513e+01 -3.752150017342771093e+00 7.881680516450174423e+00 -4.960008759277205570e+01 -6.258717501573568320e+00 4.999999590820134472e+02 1.699999959082027090e+03 0.000000000000000000e+00 -1.505410915613225370e+03
1.230761937472943828e+02 2.403249880780977037e+02 3.382671121087510255e+04 -5.331419437491149438e-01 3.342423669343693149e+01 -5.893369451798804448e-01 9.436606711658159785e-01 -2.268276670586976422e+02 9.970816341363669721e+01 6.997081634136112598e+02 0.000000000000000000e+00 1.230761937472943828e+02
3.319268563617333712e+01 2.554226020254245668e+02 3.363663020889749896e+04 3.271972633061935198e+00 3.229746435687908956e+01 2.630100331103335520e-01 -1.131559213212435999e+01 -2.299086669105139151e+02 9.926194154010580917e+01 4.992619415400993148e+02 0.000000000000000000e+00 3.319268563617333712e+01
3.230605988970924955e+03 1.013178497233114285e+03 3.694820048593630054e+04 2.833987800935067014e+01 -1.393845048304899592e+01 -1.003298479524826803e+01 2.218254217265494503e+02 -5.127759115740416007e+01 1.699999999994243126e+03 1.899999999994215841e+03 0.000000000000000000e+00 3.230605988970924955e+03
9.350209443061412458e+02 2.325099816372940040e+02 3.464600959604393574e+04 3.736815155991396864e+01 1.017525660107075680e+00 -1.780876194728520545e+00 2.304351385093764577e+02 9.545867212892972020e+00 1.499999999928372063e+03 1.899999999928345005e+03 0.000000000000000000e+00 9.350209443061412458e+02
5.641677426087699132e+02 1.548218646307232120e+02 3.462434401882853126e+04 4.052999125800815250e+01 -6.151591336388193554e-01 -1.214919125139800826e+00 2.287560178749076556e+02 -9.531431238124449257e-01 1.299999999770275963e+03 1.899999999770243448e+03 0.000000000000000000e+00 5.641677426087699132e+02
-4.434092914320717682e+01 -5.308814935193458950e+01 3.875409255853085779e+04 -5.907280536279742478e+00 -8.817008550315790671e+00 4.089359398021912284e-01 4.453774199390109212e-02 7.204755823765590650e-02 1.099973140030869672e+03 8.999731400310836307e+02 0.000000000000000000e+00 -4.434092914320717682e+01
-7.979176601967592433e+02 -8.878024768951590886e+02 3.952585988163080037e+04 -2.204417797799223422e+00 -1.543630326297393651e+01 5.698633452517071873e+00 -7.335349258331723021e+00 -4.565519894239580623e+01 1.699999882578651977e+03 4.999998825784593350e+02 0.000000000000000000e+00 -7.979176601967592433e+02
-1.739402888623015315e+03 -1.448790394983629085e+03 4.129137402819096314e+04 -2.412318276617649104e+01 -1.714644128638865794e+01 1.109890892307240051e+01 4.774609193691286180e+01 -4.413263630463021059e+01 1.699999907309510945e+03 2.999999073094157893e+02 0.000000000000000000e+00 -1.739402888623015315e+03
7.363472144196712179e+02 3.989844049731227642e+02 3.953129815876299108e+04 -2.138247268328235151e+01 -2.673143869792625082e+00 -3.740308970417395074e+00 4.752330638485399561e+01 1.808981570295434826e+00 6.994881789820799440e+02 2.994881789825088845e+02 0.000000000000000000e+00 7.363472144196712179e+02
9.570257543993993750e+02 2.192716515718620940e+02 3.461907257357327035e+04 3.772572901866826101e+01 9.743037368537841303e-01 -1.756531262502306845e+00 -2.314328403098634794e+02 -9.678464086788476806e+00 4.993418017624119329e+02 9.934180176284331765e+01 0.000000000000000000e+00 9.570257543993993750e+02
3.243651672091880755e+03 1.026671717564182472e+03 3.692707438186064246e+04 2.881764773137950897e+01 -1.410430534569266570e+01 -1.005392261002353393e+01 -2.242241841603554064e+02 5.155368489032609602e+01 2.991150799082198546e+02 9.911507990842588356e+01 0.000000000000000000e+00 3.243651672091880755e+03
9.493894279137912235e+02 8.087958581108014187e+02 3.859261615919570613e+04 -6.341560602921560985e+00 -6.121707033780225515e+00 -6.695771804927503013e+00 -7.307715172244334312e+00 -6.634825968203341695e+00 4.991161433312772147e+02 4.991161433314763372e+02 0.000000000000000000e+00 9.493894279137912235e+02
4.633461995007382939e+01 5.483047640289169067e+01 3.875443118063050497e+04 -5.904163769136459905e+00 -8.823313238761848254e+00 -4.345521165476569081e-01 4.461852277492378560e-02 -6.803777695038452922e-02 8.999334432863759048e+02 8.999334432865650797e+02 0.000000000000000000e+00 4.633461995007382939e+01
4.566038040945750254e+01 5.432752290962253028e+01 3.875371706194522267e+04 -5.898359772668030132e+00 -8.818716358852420001e+00 -4.285959220161004168e-01 -4.201028298827375052e-02 7.188978610005014591e-02 1.099987281331831582e+03 1.099987281331947543e+03 0.000000000000000000e+00 4.566038040945750254e+01
