3.637978807091712952e-11 5.456968210637569427e-12 -1.273292582482099533e-11 -1.922033361616955744e+03 -1.766012769004922802e+03 1.985962474010311553e+03 5.923544460029457639e-15 -8.882625416150886701e-16 3.899975407912995252e+03 2.099975407913152594e+03 0.000000000000000000e+00 3.637978807091712952e-11
9.094947017729282379e-13 9.094947017729282379e-13 -1.818989403545856476e-12 -8.034145795523998004e+02 -9.701392166850716876e+02 1.081418639970484492e+03 -2.353854089537756926e-15 8.125096851807587997e-15 3.899985003886213235e+03 2.699985003885102287e+03 0.000000000000000000e+00 9.094947017729282379e-13
9.094947017729282379e-13 0.000000000000000000e+00 -1.136868377216160297e-13 9.754253422154386044e+01 9.235795840735326578e+01 1.058982754906864727e+02 2.458914587192102872e-16 -1.398977915222959393e-15 8.947447380347277885e+02 8.947447380385310680e+02 0.000000000000000000e+00 9.094947017729282379e-13
9.094947017729282379e-13 1.818989403545856476e-12 -2.273736754432320595e-13 1.111450996094070547e+02 1.286352394395470071e+02 1.333033070669021072e+02 -5.050050800638391153e-15 1.101736865085817618e-15 3.299977171804132922e+03 3.299977171803578130e+03 0.000000000000000000e+00 9.094947017729282379e-13
4.547473508864641190e-13 7.730704965069890022e-12 0.000000000000000000e+00 7.696664636291349382e+01 -1.041388559107280116e+02 1.640746723449535978e+02 4.055027241550961724e-15 1.267960191619586623e-15 2.099869695437078462e+03 3.299869695439351744e+03 0.000000000000000000e+00 4.547473508864641190e-13
-1.818989403545856476e-12 -3.637978807091712952e-12 -3.637978807091712952e-12 -1.322802149163105241e+03 -1.263412540251033988e+03 1.490174203559885882e+03 9.639008406865040241e-16 1.253914987508309847e-15 2.699930700882618112e+03 3.299930700883183817e+03 0.000000000000000000e+00 -1.818989403545856476e-12
-9.094947017729282379e-13 -6.821210263296961784e-13 -1.136868377216160297e-13 5.937898205518830252e+01 2.815900425433349596e+01 1.330962757419739830e+02 -4.864489148696205053e-15 1.176701012417366806e-15 1.499994642117823332e+03 4.499994642118376760e+03 0.000000000000000000e+00 -9.094947017729282379e-13
0.000000000000000000e+00 -9.094947017729282379e-13 2.842170943040400743e-14 2.343809530837525301e+02 2.456814173393933061e+02 2.378100290928872340e+01 -1.204580930706070517e-15 -4.209798628730423177e-15 3.299935155074384966e+03 2.699935155075072089e+03 0.000000000000000000e+00 0.000000000000000000e+00
0.000000000000000000e+00 0.000000000000000000e+00 -1.818989403545856476e-12 -1.581611448588451367e+03 -1.964885056586044811e+03 1.941965692597864518e+03 1.026116212172457151e-15 -4.748444821028528903e-15 8.999999810603580954e+02 5.699999981055964781e+03 0.000000000000000000e+00 0.000000000000000000e+00
4.547473508864641190e-13 -4.547473508864641190e-13 -1.705302565824240446e-13 1.563689821845609629e+02 1.297054047378749999e+02 5.720004653397084837e+01 3.319229767411709249e-15 -1.789390796715595693e-15 5.700000000000786713e+03 5.099999999995993676e+03 0.000000000000000000e+00 4.547473508864641190e-13
0.000000000000000000e+00 -4.547473508864641190e-13 -1.136868377216160297e-13 9.396812851302018998e+01 6.990899589573947992e+01 1.364217479015200922e+02 -4.564697151415503926e-16 3.078887392012567874e-15 5.099999988210331139e+03 2.999999882142233218e+02 0.000000000000000000e+00 0.000000000000000000e+00
-7.105427357601001859e-13 0.000000000000000000e+00 -3.183231456205248833e-12 -3.599343618483293881e+02 -2.231619602644183828e+02 5.249451943245687744e+02 1.225888368838721002e-15 3.412166715786126897e-15 2.999999965781581182e+02 5.699999996577789716e+03 0.000000000000000000e+00 -7.105427357601001859e-13
7.275957614183425903e-12 4.547473508864641190e-12 -2.728484105318784714e-12 3.670036620401646843e+01 5.820290715785681357e+01 1.613080217696912939e+02 -9.005875356572837939e-16 8.003449390916712409e-16 5.700000000001320586e+03 5.699999999998688509e+03 0.000000000000000000e+00 7.275957614183425903e-12
1.818989403545856476e-12 -2.364686224609613419e-11 7.275957614183425903e-12 -2.178228847776284510e+03 -2.312613125998817850e+03 2.332262279326687803e+03 4.866017973631818287e-15 -7.539395114241191039e-15 4.499996716023524641e+03 1.499996716023346153e+03 0.000000000000000000e+00 1.818989403545856476e-12
-6.821210263296961784e-12 -3.637978807091712952e-12 -4.547473508864641190e-13 6.158324476099682698e+00 -9.278321438774574403e+01 2.723984294737994674e+02 -4.206476331760752864e-15 -8.747330259233259583e-16 5.099999999946687240e+03 5.099999999942493560e+03 0.000000000000000000e+00 -6.821210263296961784e-12
0.000000000000000000e+00 0.000000000000000000e+00 -2.273736754432320595e-13 9.876643539880620892e+01 9.392032771861920537e+01 1.022436160038184596e+02 -9.590708596134901697e-16 -4.259593491705927210e-16 2.977980227457247224e+02 1.497798022754244585e+03 0.000000000000000000e+00 0.000000000000000000e+00
-4.547473508864641190e-13 2.501110429875552654e-12 -2.614797267597168684e-12 1.023394779028724315e+02 -4.660909421945351738e+00 1.072514955616977232e+02 -4.329879233636429671e-15 1.113598087799823883e-15 5.700000000000381988e+03 4.499999999993155143e+03 0.000000000000000000e+00 -4.547473508864641190e-13
-4.547473508864641190e-13 0.000000000000000000e+00 -2.273736754432320595e-13 1.124609131632166878e+02 1.078169568521636279e+02 8.867103900263545313e+01 -8.957688989287599835e-16 8.792228842898649378e-16 8.960877319185428860e+02 1.496087731923662204e+03 0.000000000000000000e+00 -4.547473508864641190e-13
3.410605131648480892e-12 4.604316927725449204e-12 -3.183231456205248833e-12 -9.527276543003701192e+01 -2.354921053263265946e+02 3.778052998823042117e+02 -3.107538911932550266e-16 5.320754900762457174e-15 5.099999999782707164e+03 4.499999999778128768e+03 0.000000000000000000e+00 3.410605131648480892e-12
0.000000000000000000e+00 -9.094947017729282379e-13 -1.136868377216160297e-13 1.365845885192156288e+02 1.403230147710040683e+02 1.103886547354763792e+02 -1.140937315795666652e-15 -6.883114103350553615e-17 3.899998727746091390e+03 3.899998727743558447e+03 0.000000000000000000e+00 0.000000000000000000e+00
0.000000000000000000e+00 -4.547473508864641190e-13 -1.136868377216160297e-13 8.858917021136741710e+01 5.563512289165973357e+01 1.037623711823621733e+02 6.077448289589313186e-15 -1.233909793416976260e-15 1.499999759585644370e+03 5.099999759581728540e+03 0.000000000000000000e+00 0.000000000000000000e+00
2.273736754432320595e-12 -1.364242052659392357e-12 3.410605131648480892e-13 8.988250259002485620e+01 1.002722552087408872e+02 1.147901068531022162e+02 7.259932245230184344e-18 -1.343266465997990573e-15 5.699999999641952854e+03 2.999999996427218321e+02 0.000000000000000000e+00 2.273736754432320595e-12
2.273736754432320595e-12 5.456968210637569427e-12 -4.092726157978177071e-12 -3.765404957021449661e+01 5.278874544106196254e+01 1.940526943066820706e+02 -1.879142442576933222e-15 -5.370333705405785279e-15 4.499999069842440804e+03 8.999990698457713734e+02 0.000000000000000000e+00 2.273736754432320595e-12
0.000000000000000000e+00 -2.000888343900442123e-11 -1.818989403545856476e-12 -1.752310585227603951e+03 -2.123140179073000581e+03 2.071295583994738081e+03 -1.431060141854427593e-15 -2.456810890721725703e-15 1.499999984487699066e+03 5.699999984479191880e+03 0.000000000000000000e+00 0.000000000000000000e+00
-9.549694368615746498e-12 -8.640199666842818260e-12 6.366462912410497665e-12 9.087629927857793177e+01 6.370798658958257477e+01 1.658975147259954213e+02 4.573286340198278292e-16 1.284118405259897069e-15 4.499999968219581206e+03 2.999999682267160210e+02 0.000000000000000000e+00 -9.549694368615746498e-12
-4.547473508864641190e-13 4.547473508864641190e-13 -2.273736754432320595e-13 9.787032736290110790e+01 9.532463986219902097e+01 1.032272424834822857e+02 3.546962327527940890e-16 -1.131003001206715586e-16 2.972663441786814928e+02 8.972663441840062433e+02 0.000000000000000000e+00 -4.547473508864641190e-13
0.000000000000000000e+00 -2.273736754432320595e-13 -2.273736754432320595e-13 -2.624791795599078270e+01 -8.186226067232576042e+01 2.727159361007135772e+02 2.873955856057379908e-15 1.707318853881920136e-15 2.699659775699313286e+03 2.099659775702109073e+03 0.000000000000000000e+00 0.000000000000000000e+00
-1.818989403545856476e-12 -4.547473508864641190e-13 7.958078640513122082e-13 6.824099947376834052e+01 1.309155204017125982e+02 8.538159132637500193e+01 -1.990670228734740492e-15 -1.826857877333487098e-15 2.999999691886636128e+02 5.099999969191872879e+03 0.000000000000000000e+00 -1.818989403545856476e-12
2.364686224609613419e-11 1.273292582482099533e-11 -2.546585164964199066e-11 -1.942688514131808688e+03 -1.799786840316968664e+03 1.994935274199128116e+03 2.489880757033401795e-15 2.866944868147563306e-16 5.100000000003939931e+03 5.699999999999634383e+03 0.000000000000000000e+00 2.364686224609613419e-11
2.273736754432320595e-12 -4.547473508864641190e-13 -2.273736754432320595e-13 1.109433518476407130e+02 8.602497151178633317e+01 9.057408772271001851e+01 -2.202027367765807559e-15 -4.042739902204077186e-16 2.099231257136736986e+03 2.099231257139743320e+03 0.000000000000000000e+00 2.273736754432320595e-12
0.000000000000000000e+00 -1.818989403545856476e-12 5.456968210637569427e-12 -1.185077236606988208e+03 -1.147141046129433562e+03 1.322497517282358331e+03 3.924055176315275073e-15 3.630533853851056578e-16 2.699824461333874751e+03 2.998244613418603421e+02 0.000000000000000000e+00 0.000000000000000000e+00
-1.273292582482099533e-11 -7.275957614183425903e-12 0.000000000000000000e+00 -2.367891102800718272e+03 -2.466185827078763850e+03 2.518329070752150983e+03 4.648588293669251587e-16 -7.424182562013468662e-16 3.299999996632189323e+03 5.699999996620899765e+03 0.000000000000000000e+00 -1.273292582482099533e-11
0.000000000000000000e+00 1.818989403545856476e-12 -1.136868377216160297e-13 1.122188828958106086e+02 1.066125248537188810e+02 9.407002641382300112e+01 -5.411609046289538241e-17 1.977081529680435743e-16 1.496173450911542204e+03 8.961734509150157919e+02 0.000000000000000000e+00 0.000000000000000000e+00
0.000000000000000000e+00 -4.547473508864641190e-13 0.000000000000000000e+00 1.050434610475928281e+02 1.055035112132357540e+02 9.239753232223817747e+01 -1.242489543720017058e-15 9.615360623064367658e-16 2.991428470519431357e+02 2.099142847062706096e+03 0.000000000000000000e+00 0.000000000000000000e+00
-9.094947017729282379e-12 -7.275957614183425903e-12 1.818989403545856476e-12 -1.729486697212443914e+03 -1.617523783100745277e+03 1.848314332697277450e+03 4.465674987918853918e-16 4.261153172722657321e-16 2.699985545771039597e+03 3.899985545769462078e+03 0.000000000000000000e+00 -9.094947017729282379e-12
-9.094947017729282379e-13 -4.547473508864641190e-13 1.136868377216160297e-13 1.484966774879508762e+02 1.497207767741308544e+02 8.011065976588356818e+01 -3.421781056232984828e-15 1.293493390061840800e-15 5.699999998447305188e+03 8.999999984456267157e+02 0.000000000000000000e+00 -9.094947017729282379e-13
-1.364242052659392357e-12 8.441247700829990208e-12 -1.591615728102624416e-12 9.032904374134912473e+01 -1.561877162040887868e+02 1.720425773491678001e+02 2.736901006407487774e-15 8.409679627035922873e-16 5.699999999566659426e+03 3.899999999557876890e+03 0.000000000000000000e+00 -1.364242052659392357e-12
3.637978807091712952e-12 3.637978807091712952e-12 7.275957614183425903e-12 -1.983100504200656133e+03 -1.555209780019490154e+03 1.934854014762937595e+03 -2.614312332411244913e-15 4.640019294908836215e-15 2.100000000011603788e+03 5.700000000000397449e+03 0.000000000000000000e+00 3.637978807091712952e-12
0.000000000000000000e+00 0.000000000000000000e+00 6.821210263296961784e-13 1.236900453132109874e+02 9.619389209248517147e+01 1.580100255115448817e+02 -6.811911006120013770e-16 -4.958607281921932611e-15 3.899994551909784150e+03 3.299994551908002450e+03 0.000000000000000000e+00 0.000000000000000000e+00
-4.547473508864641190e-13 0.000000000000000000e+00 -3.979039320256561041e-13 1.221650922373263626e+02 1.295175299600686856e+02 6.960684824161016593e+01 1.206860116403271760e-15 1.764180632102742061e-16 8.982850975573256846e+02 2.098285097564084026e+03 0.000000000000000000e+00 -4.547473508864641190e-13
1.364242052659392357e-12 1.818989403545856476e-12 -2.160049916710704565e-12 1.077330999863693677e+02 1.344186212952022856e+02 8.587542112900526092e+01 -1.209837278532114775e-17 3.329958078287603489e-16 2.999645692087628959e+02 3.299964569220375779e+03 0.000000000000000000e+00 1.364242052659392357e-12
-1.818989403545856476e-12 -1.364242052659392357e-12 1.762145984685048461e-12 7.368867890079103233e+01 9.701354986561494798e+01 6.962590649450220326e+01 1.322495581789763185e-15 -8.323582121316995854e-16 2.099996063731094637e+03 4.499996063728132867e+03 0.000000000000000000e+00 -1.818989403545856476e-12
-3.637978807091712952e-12 -2.728484105318784714e-12 -1.818989403545856476e-12 -2.535292135206082094e+03 -1.106389703052366713e+03 1.866792705799376790e+03 -1.961825403353971719e-15 8.461235542849578012e-15 4.499999999663565177e+03 5.099999999658804882e+03 0.000000000000000000e+00 -3.637978807091712952e-12
4.547473508864641190e-13 4.547473508864641190e-13 4.547473508864641190e-13 1.062694543246380334e+02 1.211206393247162083e+02 1.133387010859448054e+02 2.444692295119688612e-15 -2.736175870754799247e-15 2.099999828087691640e+03 5.099999828080442967e+03 0.000000000000000000e+00 4.547473508864641190e-13
1.818989403545856476e-12 1.818989403545856476e-12 -7.275957614183425903e-12 -2.422967110389945901e+03 -2.236946066351848003e+03 2.452847053345375571e+03 -5.891129657862948200e-16 4.856357851687399788e-15 2.699999919182862413e+03 5.099999919174177194e+03 0.000000000000000000e+00 1.818989403545856476e-12
9.322320693172514439e-12 4.661160346586257219e-12 -7.275957614183425903e-12 -8.275126415738861851e+01 -1.814443326709635471e+02 3.504737884000514896e+02 -1.642541480377888821e-15 -2.976802910494030101e-15 3.899998592586272025e+03 2.999985925952672119e+02 0.000000000000000000e+00 9.322320693172514439e-12
1.818989403545856476e-11 -1.455191522836685181e-11 7.275957614183425903e-12 -3.604043381597497046e+03 -2.511226012824341524e+03 3.066131356982720717e+03 2.357609620358538597e-15 2.260835857025164336e-15 3.899981601972142016e+03 1.499981601974616751e+03 0.000000000000000000e+00 1.818989403545856476e-11
-9.094947017729282379e-12 -7.275957614183425903e-12 -7.275957614183425903e-12 -2.178916899962337538e+03 -2.549494072592567591e+03 2.463022382074178495e+03 -7.082484597751323416e-15 1.694722143088686527e-15 5.699999996075509443e+03 2.699999996067035227e+03 0.000000000000000000e+00 -9.094947017729282379e-12
-3.637978807091712952e-12 3.637978807091712952e-12 -3.637978807091712952e-12 -2.885613363729552475e+03 -2.578513734139027292e+03 2.773637912845352275e+03 -2.968288860947069098e-15 3.593013667428855902e-15 3.899994106063117215e+03 8.999941060687378922e+02 0.000000000000000000e+00 -3.637978807091712952e-12
0.000000000000000000e+00 9.094947017729282379e-13 2.273736754432320595e-13 9.635020034383818199e+01 9.601528742849109221e+01 1.043368623876474146e+02 -3.069757281385024298e-16 2.975149373172285458e-16 8.973446631398956015e+02 2.973446631427827356e+02 0.000000000000000000e+00 0.000000000000000000e+00
-5.456968210637569427e-12 3.637978807091712952e-12 1.818989403545856476e-12 -1.381182853179009953e+03 -1.139546342634704160e+03 1.434158865011366515e+03 8.234454287738529392e-15 -5.548103098921704254e-15 5.099999996065968844e+03 3.899999996060502326e+03 0.000000000000000000e+00 -5.456968210637569427e-12
4.092726157978177071e-12 2.046363078989088535e-12 -5.456968210637569427e-12 -1.612718112514082804e+02 -1.040107622727328476e+02 2.962157333367748038e+02 -2.128907791135189104e-15 1.681974397508606465e-15 3.299999472590811365e+03 4.499999472585793228e+03 0.000000000000000000e+00 4.092726157978177071e-12
-9.094947017729282379e-13 -1.818989403545856476e-12 0.000000000000000000e+00 -6.202633892603364529e+02 -6.971874957686526386e+02 8.667191360227441237e+02 -2.237977551481723136e-15 -6.245806115229487059e-15 2.699815708194706076e+03 2.699815708196492778e+03 0.000000000000000000e+00 -9.094947017729282379e-13
-1.455191522836685181e-11 3.637978807091712952e-12 -3.637978807091712952e-12 -2.063637373157253478e+03 -2.800813931529991805e+03 2.509677312408613034e+03 6.861513634418246765e-17 -6.768017571420898156e-15 3.299999966491579471e+03 5.099999966483430399e+03 0.000000000000000000e+00 -1.455191522836685181e-11
-4.547473508864641190e-13 -4.547473508864641190e-13 0.000000000000000000e+00 1.941644328000308306e+01 5.821074099115347877e+01 2.045302057477950370e+02 2.658505525674759177e-15 2.073953507816952396e-16 3.299896114304897310e+03 2.099896114306956406e+03 0.000000000000000000e+00 -4.547473508864641190e-13
-4.547473508864641190e-13 0.000000000000000000e+00 2.273736754432320595e-13 7.830651644977012893e+01 8.529737469306961373e+01 1.442110251358718926e+02 -5.946367939523243238e-15 -2.739426196563999890e-15 2.699557821036296900e+03 8.995578210420901542e+02 0.000000000000000000e+00 -4.547473508864641190e-13
3.637978807091712952e-12 9.094947017729282379e-12 1.818989403545856476e-12 -1.404377585883886013e+03 -1.558010122633904984e+03 1.667793761451354385e+03 1.336917239713956416e-15 2.972216368200290926e-16 4.499999416383896460e+03 3.299999416380199364e+03 0.000000000000000000e+00 3.637978807091712952e-12
3.637978807091712952e-12 3.637978807091712952e-12 3.637978807091712952e-12 -1.991970958991118778e+03 -2.424777767316616064e+03 2.279660481719226027e+03 2.249638868179351446e-15 3.989508628529200265e-15 3.299919087832612149e+03 8.999190878390443231e+02 0.000000000000000000e+00 3.637978807091712952e-12
-5.456968210637569427e-12 -1.818989403545856476e-12 1.091393642127513885e-11 -2.293304567105816659e+03 -1.741439505522832633e+03 2.129901527748311764e+03 -1.211000440732086266e-15 -1.906919880823836487e-15 2.699998364327944728e+03 4.499998364322962516e+03 0.000000000000000000e+00 -5.456968210637569427e-12
3.183231456205248833e-12 2.273736754432320595e-12 -3.637978807091712952e-12 5.266289450777647119e+01 -6.856050528239300945e+00 1.631969056740440465e+02 1.091273130246420336e-15 -1.386174150683452959e-15 1.499840669849860205e+03 3.299840669854981570e+03 0.000000000000000000e+00 3.183231456205248833e-12
-9.094947017729282379e-13 -2.273736754432320595e-12 3.183231456205248833e-12 9.821472652291254235e+01 1.864485214243276801e+01 9.025913320899415737e+01 -2.450713440412063181e-15 4.736747261546326336e-16 2.099967859963421688e+03 3.899967859963890533e+03 0.000000000000000000e+00 -9.094947017729282379e-13
-4.547473508864641190e-13 -4.547473508864641190e-13 1.136868377216160297e-13 1.257873265235797930e+02 1.304557930535520711e+02 6.281856238599629449e+01 1.204312984218160839e-15 -2.355485541842286388e-15 1.498629878684399955e+03 2.098629878688457211e+03 0.000000000000000000e+00 -4.547473508864641190e-13
-9.094947017729282379e-13 -4.547473508864641190e-13 -2.273736754432320595e-13 7.499848588694311502e+01 7.905027957687548223e+01 1.122086942150600350e+02 -4.984972163618126003e-17 3.933187124110595662e-15 1.499479424651280624e+03 2.699479424656230549e+03 0.000000000000000000e+00 -9.094947017729282379e-13
-9.094947017729282379e-13 0.000000000000000000e+00 -2.273736754432320595e-13 5.330293220572747259e+01 9.767181912525667542e+01 1.875786848877735906e+02 -1.488985310622283872e-15 6.738932145242733723e-15 4.499999889600841925e+03 3.899999889597509991e+03 0.000000000000000000e+00 -9.094947017729282379e-13
1.136868377216160297e-12 1.591615728102624416e-12 -1.818989403545856476e-12 -1.279852715566350341e+01 -1.773029716621317107e+02 2.595105693988630264e+02 -2.076118769870845449e-15 7.455044255497585227e-16 2.099645492619031756e+03 2.699645492621931226e+03 0.000000000000000000e+00 1.136868377216160297e-12
4.547473508864641190e-13 4.547473508864641190e-13 2.273736754432320595e-13 1.350303075833221840e+02 1.251482163783900887e+02 7.642467549055314180e+01 3.461198200699248915e-15 3.090697698180472533e-15 2.098647086767559813e+03 1.498647086770858778e+03 0.000000000000000000e+00 4.547473508864641190e-13
1.364242052659392357e-12 1.000444171950221062e-11 3.637978807091712952e-12 -8.862016794865172642e+02 -1.183610576858327931e+03 1.231894176092182988e+03 1.618503231236581654e-15 -1.997657494858886895e-16 2.699999996632466264e+03 5.699999996620713318e+03 0.000000000000000000e+00 1.364242052659392357e-12
-4.547473508864641190e-13 -4.547473508864641190e-13 -2.273736754432320595e-13 1.091445108688319010e+02 1.289385447277579999e+02 7.547481996356066247e+01 -3.319287746323097385e-17 -2.067919318924018978e-15 8.994993078868329803e+02 2.699499307895018319e+03 0.000000000000000000e+00 -4.547473508864641190e-13
2.273736754432320595e-13 4.547473508864641190e-13 -1.591615728102624416e-12 -4.224314783935490425e+01 -1.486561392518489555e+01 2.498796555226937528e+02 -2.010811566245631627e-15 3.508123248911398579e-16 3.299893501645814013e+03 1.499893501649840118e+03 0.000000000000000000e+00 2.273736754432320595e-13
4.547473508864641190e-13 -9.094947017729282379e-13 -2.273736754432320595e-13 1.352516697085175110e+02 1.477538345661458550e+02 1.112249475078607190e+02 2.493211376766079596e-15 -7.103967245170607585e-15 4.499999986703191098e+03 4.499999986699649526e+03 0.000000000000000000e+00 4.547473508864641190e-13
4.547473508864641190e-13 0.000000000000000000e+00 1.136868377216160297e-13 1.104579095539903335e+02 1.245716793725258924e+02 8.290051144773600811e+01 1.184284430010005693e-15 3.331352432402989182e-16 2.997970430159017496e+02 2.699797043027473592e+03 0.000000000000000000e+00 4.547473508864641190e-13
-1.364242052659392357e-12 -4.547473508864641190e-13 5.684341886080801487e-13 7.770349964142356214e+01 1.065306243410921070e+02 1.259490384110554686e+02 2.953887985973080368e-15 -2.873507900512334895e-16 3.899999853261299904e+03 4.499999853257298128e+03 0.000000000000000000e+00 -1.364242052659392357e-12
-9.094947017729282379e-13 -4.547473508864641190e-13 -4.547473508864641190e-13 1.325625643863057235e+02 1.295024080638081045e+02 9.183724122492722586e+01 4.229191576381358663e-15 -1.758444766264513229e-15 3.299995348229708270e+03 3.899995348227344948e+03 0.000000000000000000e+00 -9.094947017729282379e-13
3.637978807091712952e-12 5.456968210637569427e-12 1.273292582482099533e-11 -1.742657123960932267e+03 -2.119817728714639088e+03 2.062562601180447018e+03 6.374062661114986254e-16 2.660867830759998636e-15 3.299967871711688986e+03 2.999678717205840712e+02 0.000000000000000000e+00 3.637978807091712952e-12
-1.273292582482099533e-11 0.000000000000000000e+00 0.000000000000000000e+00 -2.157155077602169968e+03 -2.274662672737222238e+03 2.343970422649154898e+03 4.273916479403429147e-15 1.722651069243884614e-15 4.499997038872877965e+03 2.699997038869129028e+03 0.000000000000000000e+00 -1.273292582482099533e-11
1.364242052659392357e-12 0.000000000000000000e+00 5.684341886080801487e-14 1.388146037578208905e+02 1.336452940743812974e+02 6.350378638507525153e+01 -2.673716131049264180e-15 -2.257331335518515015e-16 1.497324611882420413e+03 1.497324611885780996e+03 0.000000000000000000e+00 1.364242052659392357e-12
2.728484105318784714e-12 -1.273292582482099533e-11 9.094947017729282379e-12 -8.859364385273287326e+02 -1.392680123138878344e+03 1.261844422068304993e+03 3.720857355272362079e-15 -6.778094552409836383e-15 5.699999998406899067e+03 3.299999998397939180e+03 0.000000000000000000e+00 2.728484105318784714e-12
-9.094947017729282379e-12 -5.456968210637569427e-12 3.637978807091712952e-12 -1.795971741939612457e+03 -1.702652215366350902e+03 1.910588292886122645e+03 -6.745905125191256258e-15 8.559477536954977629e-15 5.099999928952795017e+03 3.299999928946440377e+03 0.000000000000000000e+00 -9.094947017729282379e-12
-3.637978807091712952e-12 -3.637978807091712952e-12 0.000000000000000000e+00 -2.184118781891939307e+03 -2.202123303305196259e+03 2.284632354835648584e+03 -7.468505762112423881e-15 3.087998898959869430e-15 4.499995139452184048e+03 2.099995139449504677e+03 0.000000000000000000e+00 -3.637978807091712952e-12
-3.637978807091712952e-12 3.637978807091712952e-12 1.818989403545856476e-12 -1.765691892967538706e+03 -1.866929519877190842e+03 1.968382263196090435e+03 2.300594326757637896e-15 -3.906140475986293776e-15 5.099999810780535881e+03 2.699999810774021171e+03 0.000000000000000000e+00 -3.637978807091712952e-12
9.094947017729282379e-13 -4.547473508864641190e-13 1.136868377216160297e-13 1.122005840485409607e+02 1.071509506805967931e+02 1.153805091038140773e+02 7.125786531811452081e-17 -4.254993683643578395e-15 2.699521024085023782e+03 1.499521024089067851e+03 0.000000000000000000e+00 9.094947017729282379e-13
7.275957614183425903e-12 0.000000000000000000e+00 -1.818989403545856476e-12 -2.295571646696147127e+03 -1.866509545040996727e+03 2.183535328424045019e+03 -1.044626525279990412e-15 -1.088576639478609331e-15 5.099999693753558859e+03 2.099999693748154186e+03 0.000000000000000000e+00 7.275957614183425903e-12
-7.275957614183425903e-12 -7.275957614183425903e-12 0.000000000000000000e+00 -2.693115599554694199e+03 -2.543586274235099154e+03 2.723813674916374111e+03 5.284333508167207688e-15 -1.265899795022535940e-15 5.699999994651067027e+03 2.099999994643903392e+03 0.000000000000000000e+00 -7.275957614183425903e-12
-9.094947017729282379e-13 9.094947017729282379e-13 0.000000000000000000e+00 8.889638949541678414e+01 1.025204463121460634e+02 1.019828394508286067e+02 -1.719863714108450928e-15 4.368731792121200497e-16 8.998841387718123315e+02 3.299884138780449575e+03 0.000000000000000000e+00 -9.094947017729282379e-13
-9.094947017729282379e-13 -4.547473508864641190e-13 4.547473508864641190e-13 8.108757973255333695e+01 -2.943058069734867388e+00 1.385137850838177371e+02 -9.221593362913498219e-16 -3.261907442013723018e-16 1.499965100003934367e+03 3.899965100007700130e+03 0.000000000000000000e+00 -9.094947017729282379e-13
0.000000000000000000e+00 9.094947017729282379e-13 5.684341886080801487e-14 1.645657423886920299e+02 1.587088583403777022e+02 5.297903821352041120e+01 -2.967436070666512004e-15 1.744807624873658680e-15 2.098328772438505439e+03 8.983287724429209220e+02 0.000000000000000000e+00 0.000000000000000000e+00
1.818989403545856476e-12 -2.000888343900442123e-11 3.637978807091712952e-12 -2.178411378018153755e+03 -2.193422679894258181e+03 2.380429928049685714e+03 1.809774337332776702e-15 -1.931989701752088980e-15 3.899999992955782545e+03 5.099999992949346961e+03 0.000000000000000000e+00 1.818989403545856476e-12
0.000000000000000000e+00 0.000000000000000000e+00 -1.136868377216160297e-13 9.206526837565101573e+01 7.512625667135984031e+01 1.147668739624696599e+02 1.065295681835558398e-15 -2.293288594525876150e-15 8.999793998757447753e+02 3.899979399883190126e+03 0.000000000000000000e+00 0.000000000000000000e+00
-1.818989403545856476e-11 -1.455191522836685181e-11 2.000888343900442123e-11 -1.772084680477655638e+03 -1.715912863439097237e+03 1.877481827127454608e+03 -5.194236323584025876e-15 8.237093262258345584e-15 5.099999771890499687e+03 1.499999771887617726e+03 0.000000000000000000e+00 -1.818989403545856476e-11
5.456968210637569427e-12 -1.364242052659392357e-12 3.637978807091712952e-12 -1.176453875534152075e+03 -7.900828933994781664e+02 1.166419373653289313e+03 5.805387164674943720e-16 -2.246580177051629093e-15 5.699999996220369212e+03 1.499999996215684860e+03 0.000000000000000000e+00 5.456968210637569427e-12
0.000000000000000000e+00 -1.364242052659392357e-12 -1.136868377216160297e-13 1.045727617077624956e+02 1.334422711619082520e+02 9.345811392640420934e+01 -1.603151340430421821e-15 1.642339357796079315e-15 2.999931276493416590e+02 3.899993127659749462e+03 0.000000000000000000e+00 0.000000000000000000e+00
-9.094947017729282379e-13 -4.547473508864641190e-13 0.000000000000000000e+00 8.422284197520417592e+01 5.123536510492350260e+01 1.249079173069326600e+02 1.440431758760585623e-15 6.929356706973920547e-16 8.999969940172662746e+02 4.499996994021637875e+03 0.000000000000000000e+00 -9.094947017729282379e-13
-1.364242052659392357e-12 0.000000000000000000e+00 -5.684341886080801487e-13 1.216558840151575822e+02 1.394986349014791926e+02 8.183403073580866760e+01 2.492254970788365611e-15 2.717983816145702870e-16 2.999996575529703478e+02 4.499999657560181731e+03 0.000000000000000000e+00 -1.364242052659392357e-12
7.275957614183425903e-12 1.091393642127513885e-11 0.000000000000000000e+00 -2.254398295999174024e+03 -2.023533823742372306e+03 2.219411185890781326e+03 -4.343728068861650476e-15 -9.512387000239362473e-17 3.900000000010463282e+03 5.700000000000700311e+03 0.000000000000000000e+00 7.275957614183425903e-12
1.364242052659392357e-12 4.547473508864641190e-13 1.136868377216160297e-13 9.988668891078644663e+01 9.940639326801084508e+01 1.003697359320264866e+02 4.694277021980349289e-16 -1.741855609863944488e-16 2.987852519694589546e+02 2.987852519717192195e+02 0.000000000000000000e+00 1.364242052659392357e-12
0.000000000000000000e+00 -4.547473508864641190e-13 1.136868377216160297e-13 6.468392669496179792e+01 1.055140595432249597e+02 1.232067717775171900e+02 9.488068435984528244e-16 -2.598512441865245881e-15 2.099165521306926621e+03 2.991655213134229712e+02 0.000000000000000000e+00 0.000000000000000000e+00
0.000000000000000000e+00 -9.094947017729282379e-13 0.000000000000000000e+00 8.723100249495421110e+01 8.805360840769003516e+01 1.127590421299416192e+02 1.556349265137270939e-15 -4.566982355616379309e-16 1.497869729920109194e+03 2.978697299245828845e+02 0.000000000000000000e+00 0.000000000000000000e+00
-3.637978807091712952e-12 -9.094947017729282379e-12 4.365574568510055542e-11 -2.590020364543268443e+03 -2.168503849311490740e+03 2.368669328874857456e+03 -7.144837847110962938e-16 -7.694991110754891201e-16 4.500000000007255039e+03 5.700000000000381988e+03 0.000000000000000000e+00 -3.637978807091712952e-12
4.547473508864641190e-13 9.094947017729282379e-13 -6.821210263296961784e-13 5.220408644734787629e+01 4.080436164964187640e+01 1.610515026162493655e+02 4.847922804829018722e-15 -1.096631150833755791e-15 5.099999944405954011e+03 8.999999444065015268e+02 0.000000000000000000e+00 4.547473508864641190e-13
-9.094947017729282379e-13 2.273736754432320595e-13 -4.547473508864641190e-13 -3.759792489942644522e+01 -1.034663149473909982e+02 2.328543588435934737e+02 -2.120603949780586093e-15 3.970646800024860681e-15 8.999998466160168391e+02 5.099999846616014111e+03 0.000000000000000000e+00 -9.094947017729282379e-13
